# Quick sort results for size = 100
-510 -508 -495 -486 -461 -459 -449 -447 -445 -429 -411 -407 -401 -387 -367 -363 -362 -349 -333 -330 -327 -316 -314 -305 -276 -273 -273 -256 -254 -238 -237 -224 -220 -217 -206 -178 -165 -165 -161 -146 -136 -125 -109 -107 -101 -95 -95 -56 -49 -49 -37 -35 -25 -4 -2 4 7 12 17 19 24 36 45 59 73 85 85 86 91 97 150 169 171 186 198 201 207 244 307 326 327 359 361 373 373 377 389 393 398 398 415 416 427 436 444 465 465 474 478 504 

# Quick sort results for size = 200
-510 -505 -504 -501 -498 -496 -487 -479 -478 -470 -454 -448 -433 -432 -424 -424 -410 -409 -393 -391 -389 -387 -382 -380 -380 -379 -377 -337 -330 -324 -321 -318 -299 -298 -295 -294 -291 -284 -283 -275 -274 -261 -260 -245 -242 -242 -239 -232 -228 -212 -211 -206 -203 -201 -198 -181 -177 -172 -172 -172 -168 -166 -165 -164 -157 -148 -146 -145 -137 -136 -133 -127 -122 -122 -120 -112 -110 -104 -100 -92 -69 -66 -58 -56 -46 -42 -38 -36 -35 -33 -21 -18 -12 -11 -10 -8 -7 -7 4 5 7 10 16 20 29 32 36 41 46 48 53 54 59 60 60 65 70 74 76 79 102 108 110 117 134 139 145 147 147 149 160 166 175 177 180 193 201 203 203 203 206 209 213 213 219 225 233 249 261 262 266 270 278 284 286 291 292 295 296 306 311 315 317 319 351 353 355 356 358 360 360 366 369 375 379 382 389 392 393 397 398 406 408 413 415 427 433 445 458 461 469 473 477 484 488 488 490 499 508 511 

# Quick sort results for size = 300
-512 -508 -507 -506 -500 -500 -494 -490 -489 -487 -483 -476 -475 -474 -473 -469 -468 -464 -464 -459 -449 -441 -434 -432 -428 -428 -425 -425 -407 -406 -403 -403 -401 -400 -399 -398 -395 -391 -389 -385 -384 -381 -381 -376 -376 -374 -372 -365 -363 -357 -355 -354 -346 -346 -344 -339 -338 -336 -327 -327 -326 -325 -323 -322 -321 -319 -319 -318 -318 -315 -309 -306 -303 -301 -293 -292 -290 -288 -288 -288 -287 -282 -281 -280 -276 -276 -270 -267 -260 -254 -253 -247 -242 -238 -236 -233 -230 -225 -224 -224 -224 -222 -220 -218 -217 -211 -211 -206 -201 -201 -194 -185 -185 -183 -180 -171 -167 -162 -162 -153 -149 -149 -141 -136 -133 -133 -131 -130 -128 -125 -122 -120 -113 -103 -103 -102 -101 -98 -91 -86 -86 -82 -74 -73 -71 -69 -68 -66 -60 -56 -47 -42 -38 -37 -33 -28 -25 -20 -18 -16 -10 -4 0 4 4 14 26 26 37 43 55 59 61 62 62 64 66 71 77 77 78 78 91 95 103 118 121 121 121 135 138 142 154 158 163 165 167 174 176 179 185 185 191 191 196 199 200 202 203 207 208 209 216 216 225 228 229 229 242 243 243 248 250 255 257 260 266 269 271 274 280 285 296 298 298 300 305 308 317 322 322 332 332 337 343 364 367 369 372 374 377 379 383 384 389 389 405 406 407 410 411 414 415 417 419 420 423 426 427 434 435 438 438 454 455 456 456 460 462 463 463 466 468 470 471 475 475 479 481 483 485 487 491 493 494 499 499 500 500 505 

# Quick sort results for size = 400
-512 -507 -506 -506 -506 -502 -502 -501 -500 -499 -499 -498 -496 -496 -495 -488 -485 -481 -476 -475 -474 -473 -468 -467 -466 -461 -456 -434 -431 -429 -419 -418 -415 -412 -410 -410 -407 -406 -404 -402 -401 -400 -393 -391 -380 -376 -374 -373 -371 -366 -364 -362 -361 -359 -357 -356 -355 -354 -353 -353 -352 -351 -345 -344 -340 -332 -328 -328 -327 -325 -323 -320 -319 -317 -316 -315 -314 -314 -309 -308 -306 -301 -300 -292 -291 -291 -290 -288 -285 -283 -282 -281 -281 -280 -280 -280 -277 -267 -267 -265 -265 -262 -261 -260 -259 -259 -258 -257 -256 -247 -247 -245 -243 -242 -241 -241 -238 -234 -228 -226 -226 -218 -216 -215 -213 -211 -209 -206 -205 -200 -198 -196 -191 -188 -186 -186 -186 -184 -183 -182 -179 -176 -171 -171 -168 -160 -156 -155 -155 -153 -146 -144 -142 -141 -140 -139 -138 -134 -133 -130 -128 -123 -120 -117 -111 -110 -110 -109 -106 -102 -96 -95 -92 -91 -90 -88 -88 -88 -84 -84 -83 -82 -81 -79 -77 -75 -72 -71 -71 -70 -70 -70 -68 -67 -65 -65 -62 -62 -61 -58 -56 -53 -48 -47 -43 -42 -42 -33 -27 -27 -24 -19 -17 -17 -17 -16 -16 -15 -9 -9 -8 -4 -3 -2 4 6 7 10 12 14 17 20 22 22 24 28 32 32 35 36 38 43 47 48 52 59 65 69 69 72 74 76 78 90 90 93 99 102 104 109 109 109 114 114 117 118 119 119 128 135 143 146 147 151 154 156 160 162 173 174 175 176 180 189 191 199 200 204 205 207 208 209 213 215 218 231 233 238 238 239 242 243 244 245 251 252 253 254 254 259 259 262 262 268 268 271 271 279 281 285 286 289 289 291 294 298 299 301 301 302 304 308 317 320 331 333 338 344 345 346 348 348 351 356 358 362 365 368 369 370 373 377 378 380 380 381 381 386 390 392 393 393 395 395 397 402 404 406 413 414 416 422 424 425 426 429 431 433 434 436 439 439 441 442 447 449 449 457 458 461 476 478 479 488 492 497 503 505 511 511 

# Quick sort results for size = 500
-511 -509 -502 -502 -502 -499 -489 -487 -485 -485 -484 -481 -480 -478 -473 -471 -470 -469 -467 -467 -466 -465 -462 -461 -460 -457 -457 -457 -455 -452 -446 -446 -446 -443 -441 -441 -440 -439 -436 -433 -430 -430 -427 -426 -423 -423 -423 -420 -420 -419 -418 -417 -416 -414 -411 -410 -409 -408 -407 -407 -403 -395 -394 -393 -392 -392 -390 -382 -382 -381 -378 -378 -374 -374 -373 -372 -369 -367 -363 -358 -358 -350 -342 -339 -339 -339 -338 -337 -336 -335 -334 -333 -331 -330 -325 -323 -322 -316 -315 -310 -306 -305 -303 -301 -300 -298 -296 -293 -291 -288 -285 -284 -284 -282 -280 -279 -279 -278 -276 -276 -274 -274 -272 -270 -265 -262 -261 -261 -260 -257 -257 -254 -252 -251 -250 -250 -249 -247 -241 -240 -240 -237 -234 -232 -232 -230 -230 -229 -228 -224 -223 -220 -218 -213 -213 -212 -210 -208 -208 -206 -203 -198 -195 -194 -193 -190 -189 -189 -188 -187 -182 -181 -178 -177 -171 -170 -169 -169 -165 -164 -163 -163 -158 -157 -153 -148 -148 -148 -142 -139 -138 -138 -138 -134 -134 -133 -132 -130 -130 -130 -126 -123 -122 -122 -117 -115 -115 -111 -110 -110 -108 -107 -107 -106 -106 -104 -103 -98 -96 -95 -95 -92 -91 -87 -84 -83 -83 -82 -80 -80 -78 -76 -74 -72 -70 -68 -66 -65 -64 -63 -61 -59 -55 -47 -46 -45 -41 -35 -35 -31 -30 -27 -27 -25 -19 -16 -14 -8 -6 -2 -1 -1 3 6 9 14 14 15 16 17 20 20 22 24 25 25 29 36 38 39 40 43 45 45 48 48 51 55 60 60 61 65 69 70 72 74 78 84 85 86 87 89 89 96 97 98 104 106 106 107 108 109 109 115 118 124 125 126 126 128 131 135 137 140 141 142 142 143 143 144 145 145 155 158 165 166 167 171 174 176 177 177 179 181 181 183 184 191 191 191 192 195 196 196 197 206 206 214 216 220 223 225 225 225 226 227 229 232 242 244 245 247 248 251 256 259 260 263 264 264 267 269 271 275 275 278 278 279 280 281 282 283 285 287 288 289 289 291 293 294 296 297 297 297 297 298 301 303 306 309 312 312 315 315 320 320 322 323 332 336 337 344 344 347 347 349 351 355 361 363 363 367 368 370 375 379 380 390 391 392 393 398 401 410 412 420 422 425 430 430 432 432 433 438 439 440 440 440 441 441 442 442 442 442 443 449 449 450 450 452 453 454 454 456 462 462 463 465 465 468 468 471 474 477 478 479 479 480 480 482 487 488 488 491 498 499 504 507 511 512 

# Quick sort results for size = 600
-512 -512 -511 -509 -508 -501 -501 -501 -501 -495 -494 -492 -491 -489 -487 -485 -479 -478 -475 -474 -468 -467 -467 -466 -463 -458 -455 -454 -452 -449 -448 -448 -445 -444 -443 -440 -439 -436 -435 -428 -428 -427 -427 -425 -420 -420 -419 -418 -415 -412 -411 -411 -408 -406 -405 -403 -402 -399 -396 -395 -395 -394 -393 -392 -392 -391 -390 -388 -388 -385 -385 -381 -380 -380 -378 -376 -376 -375 -375 -373 -373 -372 -371 -369 -368 -366 -365 -360 -357 -354 -353 -350 -350 -348 -347 -345 -344 -342 -340 -339 -336 -336 -331 -327 -325 -325 -324 -323 -320 -319 -317 -312 -311 -307 -303 -303 -301 -299 -299 -296 -295 -295 -294 -292 -290 -289 -287 -284 -283 -282 -281 -281 -280 -279 -278 -275 -274 -273 -273 -271 -271 -271 -267 -266 -265 -265 -263 -262 -261 -260 -258 -258 -257 -257 -257 -252 -249 -248 -247 -245 -244 -244 -244 -243 -243 -243 -242 -241 -238 -237 -237 -236 -235 -233 -231 -230 -230 -230 -227 -223 -221 -215 -212 -208 -208 -208 -201 -197 -194 -194 -193 -193 -193 -192 -191 -191 -189 -187 -187 -183 -181 -179 -178 -178 -176 -171 -170 -169 -169 -164 -164 -162 -162 -162 -161 -161 -160 -153 -153 -153 -153 -147 -145 -144 -143 -140 -138 -132 -127 -119 -117 -115 -113 -110 -110 -107 -106 -106 -106 -106 -105 -103 -98 -96 -94 -91 -91 -89 -87 -87 -86 -83 -83 -83 -83 -81 -79 -75 -74 -72 -70 -66 -64 -63 -61 -60 -57 -55 -54 -49 -49 -49 -47 -47 -41 -41 -40 -40 -39 -38 -36 -34 -32 -31 -31 -27 -26 -21 -19 -19 -16 -13 -10 -9 -9 -8 -5 -4 -4 -3 0 2 4 5 6 6 8 12 12 14 15 20 21 26 27 28 29 29 34 36 36 38 45 49 49 51 53 55 57 58 58 59 60 61 62 70 72 72 75 79 81 82 84 84 85 86 91 91 92 93 96 96 100 101 102 103 104 105 107 107 107 109 110 112 113 113 114 114 114 116 117 120 120 121 123 123 124 126 130 131 132 134 135 136 138 140 141 143 144 146 147 148 149 149 149 150 154 157 157 158 160 161 161 164 165 167 168 169 172 184 184 185 188 189 192 192 195 197 203 204 208 208 210 211 212 216 216 216 221 221 223 223 223 224 226 228 229 233 236 236 241 242 242 243 243 249 252 252 253 254 254 255 257 257 257 260 261 262 265 266 269 270 277 277 277 278 284 290 291 292 292 292 295 296 304 304 304 306 311 312 313 314 319 323 323 325 329 330 330 330 331 338 338 340 341 341 342 342 343 347 347 351 351 352 352 360 361 361 366 367 371 372 373 373 375 375 380 381 382 386 387 388 389 389 394 395 395 395 398 398 400 400 400 402 402 406 411 412 413 416 417 417 421 425 425 426 428 428 428 429 431 432 434 435 435 435 435 437 438 441 447 447 450 453 453 456 456 458 461 465 467 473 474 476 477 478 481 481 481 482 484 485 491 494 495 499 499 500 502 502 503 504 504 506 506 507 507 508 510 511 

# Quick sort results for size = 700
-510 -507 -505 -505 -504 -504 -504 -503 -502 -502 -501 -501 -500 -499 -498 -497 -496 -496 -496 -494 -493 -490 -490 -488 -482 -482 -479 -478 -477 -477 -476 -476 -475 -474 -474 -470 -469 -469 -468 -465 -462 -460 -460 -459 -458 -457 -452 -451 -450 -450 -448 -445 -445 -444 -442 -437 -437 -436 -435 -435 -433 -433 -432 -431 -430 -430 -429 -427 -427 -423 -421 -414 -410 -410 -409 -408 -406 -405 -403 -403 -402 -402 -402 -401 -400 -398 -395 -395 -395 -394 -394 -393 -393 -392 -392 -390 -389 -388 -388 -386 -385 -383 -381 -381 -379 -378 -377 -376 -375 -373 -372 -371 -371 -370 -368 -368 -368 -368 -363 -359 -358 -357 -356 -355 -351 -351 -349 -348 -347 -346 -346 -345 -345 -340 -340 -338 -337 -336 -335 -332 -331 -330 -327 -324 -324 -322 -318 -318 -316 -315 -312 -311 -308 -306 -303 -301 -301 -300 -299 -299 -296 -295 -293 -291 -290 -290 -290 -287 -286 -286 -285 -283 -281 -281 -280 -279 -279 -277 -276 -276 -273 -272 -271 -270 -269 -267 -266 -265 -265 -263 -260 -260 -260 -258 -258 -257 -256 -254 -251 -249 -245 -244 -244 -242 -242 -241 -240 -238 -238 -234 -232 -231 -231 -230 -226 -225 -225 -222 -220 -218 -217 -213 -212 -212 -211 -208 -207 -203 -202 -201 -198 -195 -194 -194 -192 -191 -190 -185 -184 -182 -182 -182 -181 -181 -178 -175 -173 -172 -171 -171 -168 -162 -160 -159 -157 -153 -152 -152 -144 -141 -141 -140 -140 -134 -134 -134 -132 -131 -130 -130 -129 -124 -124 -122 -116 -113 -112 -110 -110 -104 -102 -101 -96 -93 -91 -88 -88 -88 -86 -85 -84 -83 -82 -79 -79 -79 -79 -78 -77 -77 -76 -72 -71 -71 -69 -69 -66 -64 -60 -59 -58 -55 -54 -54 -52 -50 -49 -49 -48 -48 -47 -46 -45 -45 -45 -45 -45 -42 -41 -37 -35 -32 -31 -31 -28 -25 -24 -23 -16 -13 -12 -12 -10 -9 -9 -9 -7 -6 -6 -3 -1 2 7 8 8 9 10 11 11 12 13 14 16 16 16 17 17 18 19 20 21 24 25 28 29 31 32 34 34 35 35 40 41 41 42 44 45 47 49 51 51 54 57 58 60 62 62 63 66 67 70 71 73 74 74 75 76 80 80 81 82 84 88 89 89 89 91 92 93 93 94 94 96 97 100 105 105 108 109 110 111 111 112 113 119 120 122 122 128 130 130 130 131 133 134 135 136 137 137 139 139 140 141 141 142 142 143 143 143 144 145 146 146 146 148 150 152 152 153 155 158 160 160 160 163 163 166 170 171 173 177 177 177 179 180 182 193 193 193 197 199 200 203 205 208 213 215 216 221 225 226 227 229 230 232 237 239 240 240 241 241 243 246 248 249 249 251 251 253 255 256 259 262 264 265 265 266 267 268 272 273 274 275 275 276 277 277 278 279 279 279 280 280 281 281 281 283 285 287 289 289 293 293 296 296 302 306 306 307 310 310 310 316 319 320 320 321 322 323 323 324 326 330 331 334 335 337 339 345 348 350 351 351 351 351 351 351 351 355 356 356 357 358 359 362 365 366 367 367 368 369 372 372 373 374 374 374 375 375 375 377 380 380 382 383 383 384 384 388 390 391 392 393 393 394 396 397 398 400 400 404 404 404 404 405 406 407 409 410 411 411 412 412 413 413 414 418 418 419 419 419 419 420 420 423 426 427 429 430 431 435 437 438 438 440 440 443 445 451 452 454 456 460 461 465 466 470 471 474 476 477 477 485 486 488 488 489 492 495 496 497 499 501 506 506 507 508 509 509 511 

# Quick sort results for size = 800
-512 -512 -509 -509 -509 -507 -507 -505 -504 -502 -502 -500 -498 -498 -497 -493 -493 -491 -489 -489 -488 -488 -488 -487 -484 -483 -482 -482 -482 -482 -481 -480 -478 -478 -477 -475 -474 -474 -472 -472 -471 -468 -467 -467 -465 -464 -462 -462 -462 -462 -461 -460 -460 -460 -459 -458 -456 -456 -455 -454 -453 -452 -449 -449 -447 -445 -444 -443 -442 -442 -441 -440 -438 -436 -435 -434 -432 -432 -430 -429 -428 -426 -424 -424 -423 -421 -421 -418 -412 -410 -410 -408 -408 -407 -402 -397 -396 -395 -395 -393 -393 -392 -388 -387 -386 -385 -384 -383 -383 -382 -379 -379 -378 -376 -375 -373 -372 -371 -371 -369 -369 -368 -367 -365 -365 -364 -364 -364 -362 -362 -359 -359 -358 -358 -357 -357 -356 -351 -349 -349 -347 -345 -345 -344 -343 -342 -341 -339 -338 -338 -338 -335 -335 -333 -331 -328 -327 -326 -325 -324 -323 -321 -319 -318 -317 -317 -316 -316 -315 -315 -314 -313 -313 -312 -310 -308 -308 -306 -306 -305 -304 -304 -303 -300 -299 -298 -295 -294 -294 -293 -291 -290 -290 -288 -287 -286 -284 -283 -282 -280 -280 -280 -279 -278 -278 -276 -276 -273 -273 -272 -272 -270 -270 -268 -266 -263 -263 -261 -260 -259 -258 -258 -257 -257 -257 -251 -249 -245 -244 -241 -241 -240 -237 -235 -235 -230 -227 -225 -224 -224 -223 -220 -219 -217 -213 -208 -208 -207 -200 -199 -198 -198 -196 -195 -194 -192 -191 -190 -189 -189 -188 -188 -186 -184 -184 -182 -181 -181 -181 -176 -176 -175 -175 -173 -173 -172 -170 -167 -165 -163 -162 -161 -160 -160 -159 -158 -156 -155 -154 -149 -148 -147 -147 -144 -144 -143 -141 -140 -139 -138 -137 -136 -135 -134 -132 -129 -127 -127 -126 -125 -122 -121 -120 -120 -117 -116 -116 -115 -109 -108 -108 -107 -106 -103 -102 -101 -100 -100 -98 -98 -97 -97 -97 -97 -96 -94 -92 -87 -83 -80 -79 -79 -77 -77 -75 -75 -73 -69 -69 -68 -65 -64 -63 -61 -61 -59 -56 -56 -55 -55 -51 -50 -50 -48 -46 -44 -44 -42 -41 -40 -37 -34 -34 -34 -34 -33 -33 -33 -32 -31 -30 -27 -27 -25 -25 -25 -23 -22 -20 -20 -19 -15 -13 -13 -12 -12 -9 -9 -8 -7 -5 -5 -4 -3 0 3 4 4 5 6 7 8 9 13 13 14 15 16 17 20 20 23 24 25 26 26 28 29 29 30 31 37 38 40 42 44 45 46 47 47 48 49 52 53 53 56 59 59 59 60 60 62 62 63 63 65 65 66 68 71 73 76 76 78 78 78 79 79 79 82 86 89 90 91 93 98 98 100 101 102 105 106 106 106 107 107 108 110 112 113 113 115 115 117 118 119 119 121 125 126 127 127 131 132 132 133 133 137 138 138 138 142 142 143 144 145 145 146 146 147 150 151 151 152 154 155 155 156 157 159 159 160 162 165 168 168 169 170 172 174 174 176 177 177 180 182 188 191 197 198 199 202 203 207 208 215 216 216 217 217 219 220 222 226 228 229 231 233 233 235 235 236 236 240 240 242 244 245 245 248 249 251 255 258 259 260 261 261 261 262 264 266 269 269 272 274 275 276 276 276 276 277 279 279 279 280 281 281 281 282 282 283 283 283 283 287 288 289 289 292 294 294 297 300 301 301 302 302 303 303 303 305 306 306 306 307 307 307 309 310 310 311 312 313 315 315 316 317 318 318 320 322 322 325 325 329 329 331 334 338 339 344 347 348 350 353 353 355 356 357 357 359 361 364 364 365 366 367 367 368 369 370 370 370 372 377 378 378 380 380 381 381 383 384 384 388 389 391 393 396 396 396 397 399 399 401 404 404 405 405 406 407 408 409 410 411 413 413 415 416 416 419 419 420 420 421 422 422 423 424 426 427 428 428 431 431 431 433 436 438 438 438 439 440 441 443 445 445 447 448 450 450 450 451 451 453 454 454 455 463 463 465 466 466 467 468 469 470 471 472 474 476 476 477 479 479 480 481 483 484 485 486 486 487 487 488 488 489 492 495 495 495 498 502 503 504 504 509 510 512 

# Quick sort results for size = 900
-511 -511 -511 -510 -504 -501 -500 -498 -494 -491 -491 -488 -486 -485 -485 -484 -481 -480 -480 -479 -479 -476 -475 -474 -473 -472 -472 -472 -472 -471 -466 -464 -462 -462 -461 -460 -460 -459 -458 -458 -457 -456 -456 -450 -447 -446 -444 -441 -441 -441 -440 -439 -439 -438 -438 -436 -436 -436 -435 -433 -432 -431 -431 -431 -424 -423 -418 -418 -417 -415 -414 -414 -414 -412 -409 -409 -408 -406 -406 -406 -404 -404 -402 -402 -399 -397 -397 -396 -395 -394 -394 -391 -391 -390 -389 -386 -384 -381 -381 -380 -379 -376 -375 -375 -373 -371 -370 -369 -364 -362 -360 -359 -358 -357 -357 -353 -352 -351 -351 -351 -350 -349 -348 -345 -344 -342 -341 -341 -339 -338 -338 -332 -330 -328 -328 -328 -328 -327 -324 -320 -318 -316 -316 -316 -315 -313 -313 -311 -309 -308 -306 -306 -303 -302 -301 -297 -296 -295 -295 -294 -294 -291 -290 -290 -288 -285 -285 -285 -282 -281 -280 -279 -275 -275 -273 -272 -271 -271 -269 -267 -267 -267 -265 -265 -263 -262 -261 -260 -260 -260 -258 -255 -255 -254 -254 -254 -254 -253 -252 -252 -252 -249 -249 -246 -246 -245 -244 -243 -241 -241 -240 -239 -238 -238 -237 -236 -233 -227 -227 -225 -225 -225 -224 -220 -219 -218 -217 -217 -216 -215 -213 -212 -212 -212 -211 -210 -209 -209 -209 -207 -207 -206 -206 -206 -204 -204 -204 -203 -203 -202 -202 -201 -201 -200 -200 -199 -198 -195 -194 -194 -193 -193 -190 -190 -189 -189 -189 -188 -187 -187 -187 -185 -183 -182 -180 -180 -178 -178 -177 -176 -176 -175 -174 -171 -171 -170 -169 -168 -168 -167 -166 -165 -163 -163 -162 -161 -158 -157 -156 -155 -154 -154 -152 -150 -149 -149 -148 -148 -148 -146 -146 -144 -144 -142 -141 -140 -140 -137 -137 -135 -134 -133 -131 -131 -130 -128 -126 -125 -124 -123 -122 -122 -119 -117 -117 -117 -115 -114 -113 -113 -112 -110 -108 -108 -107 -107 -106 -104 -103 -100 -96 -95 -95 -93 -92 -90 -89 -89 -87 -82 -78 -77 -77 -75 -74 -73 -73 -73 -72 -68 -67 -66 -66 -64 -64 -62 -62 -60 -60 -59 -58 -57 -56 -56 -54 -53 -49 -49 -49 -48 -47 -47 -45 -44 -42 -42 -41 -41 -40 -40 -39 -37 -37 -37 -36 -34 -34 -31 -29 -29 -28 -26 -25 -23 -23 -23 -23 -22 -22 -21 -20 -20 -17 -17 -13 -11 -10 -10 -9 -8 -7 -6 -4 -3 -3 -3 -3 -2 -2 -1 0 0 1 2 3 3 3 7 8 10 10 11 16 16 16 17 18 19 19 20 21 23 23 23 24 24 25 26 26 27 29 30 31 32 33 34 35 35 36 36 38 38 39 43 43 44 44 45 45 47 48 48 48 49 49 51 51 52 54 60 61 62 63 64 67 68 70 72 73 75 76 76 77 77 78 78 80 81 81 81 84 85 86 87 89 90 91 92 92 93 95 95 99 101 101 104 104 109 111 111 112 113 115 116 117 117 118 119 119 121 123 124 124 127 128 129 133 133 133 135 135 135 136 142 142 145 145 147 148 151 151 152 152 152 155 155 155 156 157 158 159 161 162 162 162 163 164 167 168 169 172 173 174 177 177 182 188 188 189 191 191 192 192 193 195 196 197 198 199 199 200 201 201 205 205 206 206 207 207 207 207 208 210 211 214 215 216 218 218 218 219 219 219 220 223 224 226 227 228 233 233 234 234 235 235 236 238 239 241 242 243 246 248 249 249 249 251 251 251 251 252 253 256 256 259 260 262 265 267 268 268 268 271 271 272 273 275 275 276 276 280 280 280 280 280 282 283 284 286 287 287 288 288 288 289 291 291 292 293 293 294 294 295 295 299 299 301 305 305 307 309 309 310 312 312 313 313 315 315 316 316 317 317 318 321 322 322 324 324 324 325 326 328 328 328 333 333 336 337 337 338 338 339 340 342 342 343 344 345 345 346 346 347 348 351 352 352 352 354 355 357 357 358 359 359 359 361 362 364 364 365 365 365 366 368 368 368 370 371 373 376 377 378 381 384 385 385 386 386 388 390 391 391 391 393 393 393 396 396 398 399 399 399 401 401 401 403 404 406 406 407 407 407 408 408 410 410 411 414 414 416 420 421 421 422 422 422 423 423 424 426 426 429 430 434 436 436 438 438 438 439 440 440 441 442 442 442 443 444 444 444 445 445 445 448 449 449 454 454 454 455 456 458 459 461 461 462 463 465 467 468 472 473 473 481 482 482 484 485 485 487 488 488 489 489 490 491 493 494 494 500 504 505 506 506 508 509 509 511 512 

# Quick sort results for size = 1000
-512 -508 -505 -504 -503 -503 -502 -500 -498 -495 -492 -490 -489 -487 -486 -484 -484 -480 -479 -478 -478 -478 -477 -476 -476 -475 -475 -474 -472 -471 -470 -467 -467 -467 -462 -462 -462 -461 -461 -460 -459 -458 -457 -457 -457 -456 -455 -454 -448 -444 -444 -443 -442 -441 -440 -440 -440 -439 -439 -438 -438 -437 -437 -435 -435 -435 -434 -433 -433 -432 -431 -430 -429 -426 -424 -424 -424 -423 -422 -420 -412 -412 -412 -411 -410 -410 -409 -409 -408 -406 -405 -402 -401 -401 -400 -400 -398 -398 -396 -396 -390 -389 -389 -389 -387 -387 -385 -385 -384 -383 -382 -381 -380 -379 -379 -378 -377 -377 -376 -376 -375 -375 -375 -373 -371 -370 -370 -367 -367 -365 -365 -364 -363 -361 -359 -359 -359 -359 -358 -357 -357 -355 -354 -354 -354 -354 -354 -352 -352 -350 -350 -349 -348 -346 -346 -344 -343 -342 -340 -339 -338 -337 -337 -336 -336 -333 -330 -329 -328 -328 -327 -326 -326 -325 -323 -322 -320 -316 -316 -316 -314 -313 -312 -310 -310 -309 -308 -306 -306 -303 -302 -301 -298 -298 -298 -298 -298 -297 -296 -295 -294 -291 -290 -288 -288 -288 -288 -287 -287 -286 -286 -285 -283 -282 -281 -279 -279 -274 -274 -273 -271 -271 -270 -269 -269 -268 -265 -265 -263 -263 -262 -261 -258 -258 -258 -257 -255 -252 -250 -249 -249 -249 -248 -245 -241 -241 -239 -238 -236 -235 -235 -235 -234 -232 -229 -228 -226 -226 -225 -224 -224 -222 -215 -215 -214 -214 -211 -210 -209 -207 -207 -204 -201 -201 -199 -199 -199 -198 -197 -194 -193 -192 -191 -190 -188 -186 -184 -183 -183 -183 -182 -181 -180 -178 -178 -175 -174 -173 -173 -171 -171 -169 -168 -167 -166 -166 -165 -165 -164 -163 -162 -161 -161 -160 -159 -159 -158 -157 -157 -156 -156 -155 -153 -153 -153 -151 -151 -151 -150 -150 -150 -150 -149 -147 -147 -146 -146 -145 -143 -142 -142 -142 -142 -141 -141 -139 -138 -137 -134 -134 -134 -133 -132 -131 -130 -130 -129 -128 -128 -126 -124 -121 -121 -120 -119 -119 -118 -117 -115 -114 -112 -110 -108 -108 -107 -107 -106 -105 -104 -104 -102 -101 -101 -100 -100 -98 -97 -96 -91 -86 -86 -85 -85 -85 -84 -84 -83 -82 -81 -80 -80 -76 -74 -74 -74 -73 -72 -72 -72 -71 -70 -70 -69 -69 -67 -65 -65 -64 -63 -63 -63 -62 -61 -61 -59 -58 -54 -53 -52 -50 -48 -48 -47 -46 -46 -45 -44 -44 -42 -41 -41 -39 -39 -39 -37 -34 -33 -32 -32 -32 -31 -31 -31 -30 -30 -29 -28 -28 -26 -25 -24 -24 -24 -23 -23 -20 -20 -20 -19 -19 -19 -19 -17 -17 -16 -16 -16 -14 -13 -13 -10 -10 -10 -6 -6 -5 -5 -4 -3 -3 -2 -2 -1 0 4 4 5 7 8 8 8 9 9 10 10 10 11 13 14 14 15 16 16 16 17 18 18 18 20 20 22 22 23 24 25 27 29 29 30 31 31 32 32 32 36 37 39 40 41 41 42 42 44 44 44 44 45 46 46 47 47 47 47 48 49 51 51 52 52 53 56 59 60 62 63 63 65 68 69 69 69 70 71 72 72 73 74 74 74 77 78 79 80 80 84 85 85 87 87 88 90 91 91 91 91 91 92 94 95 98 99 99 99 101 104 104 105 105 106 107 109 111 112 113 113 114 115 116 119 121 122 122 122 123 124 125 126 126 127 128 128 130 135 135 136 137 139 140 142 142 142 142 143 143 144 144 145 146 147 147 148 149 153 154 154 154 154 156 157 159 159 160 161 163 164 165 169 169 173 174 175 175 176 177 177 178 178 180 183 184 184 185 186 186 187 187 188 188 188 188 189 189 190 190 192 193 194 194 195 195 197 198 198 199 200 200 202 203 203 204 205 205 206 207 208 208 208 208 209 212 214 218 218 219 219 221 223 224 225 225 226 227 227 228 228 230 231 231 231 232 233 233 236 236 238 241 242 243 245 248 248 249 249 252 252 253 254 254 255 256 256 257 258 258 260 260 260 262 263 263 264 264 264 264 265 267 271 272 275 276 278 280 280 281 282 282 283 285 287 289 289 289 290 291 292 293 294 298 298 299 302 302 304 306 307 308 310 310 310 311 311 311 313 314 314 316 317 318 318 319 319 320 320 321 323 323 324 326 328 328 328 331 332 332 333 334 336 338 340 342 346 347 347 351 352 355 356 356 356 357 359 364 364 367 368 369 370 370 370 371 374 376 376 376 378 378 379 379 379 380 380 381 382 382 383 384 384 384 386 390 390 390 391 391 391 391 393 393 393 394 394 395 398 401 401 401 402 402 403 404 406 407 411 413 414 415 415 415 417 417 419 420 423 424 425 427 427 429 430 430 430 430 431 433 434 434 435 436 437 437 438 438 439 440 440 442 447 452 453 453 454 454 454 455 455 455 455 455 457 457 461 462 463 463 464 465 465 466 467 467 467 468 470 473 473 474 478 478 480 481 481 482 482 484 484 484 487 487 488 489 489 493 493 496 497 499 500 500 500 501 502 506 506 509 509 509 510 510 512 512 

# Quick sort results for size = 1100
-512 -512 -512 -511 -510 -510 -510 -509 -509 -506 -505 -503 -503 -502 -502 -499 -498 -497 -496 -496 -496 -495 -494 -494 -493 -492 -488 -488 -488 -487 -486 -485 -483 -483 -480 -480 -479 -478 -477 -477 -476 -475 -475 -474 -473 -473 -471 -471 -470 -470 -469 -468 -468 -467 -467 -466 -464 -464 -463 -463 -462 -462 -461 -460 -459 -458 -457 -454 -453 -453 -453 -451 -451 -449 -449 -449 -448 -448 -446 -446 -446 -443 -442 -441 -440 -439 -438 -438 -438 -437 -435 -435 -433 -433 -432 -431 -428 -427 -425 -423 -423 -423 -422 -422 -419 -416 -416 -415 -415 -414 -414 -414 -413 -412 -411 -410 -410 -409 -408 -408 -407 -406 -406 -405 -404 -403 -403 -403 -402 -402 -396 -395 -395 -394 -393 -393 -392 -392 -392 -391 -390 -390 -389 -389 -389 -389 -388 -386 -385 -385 -384 -384 -384 -383 -383 -382 -382 -381 -380 -379 -378 -377 -377 -375 -375 -374 -374 -373 -372 -371 -370 -369 -368 -368 -368 -368 -367 -367 -367 -366 -362 -361 -361 -361 -359 -357 -355 -355 -353 -349 -345 -345 -342 -342 -341 -340 -339 -339 -338 -338 -338 -336 -335 -334 -334 -334 -329 -329 -328 -327 -326 -325 -324 -324 -324 -323 -322 -321 -321 -319 -317 -316 -315 -314 -313 -312 -311 -310 -310 -309 -309 -308 -308 -308 -305 -304 -303 -303 -303 -303 -303 -302 -301 -301 -300 -300 -300 -299 -298 -297 -297 -296 -292 -292 -291 -291 -290 -290 -289 -287 -286 -286 -285 -285 -283 -283 -280 -279 -278 -277 -277 -276 -274 -273 -273 -273 -272 -267 -267 -266 -265 -264 -264 -263 -263 -262 -262 -261 -260 -257 -256 -255 -254 -254 -250 -250 -249 -247 -247 -247 -246 -246 -245 -245 -239 -238 -236 -236 -233 -229 -228 -228 -228 -227 -227 -226 -225 -225 -224 -224 -223 -222 -221 -220 -219 -218 -217 -217 -217 -217 -216 -214 -212 -211 -210 -209 -209 -206 -205 -204 -203 -202 -201 -201 -200 -196 -196 -192 -192 -191 -190 -190 -189 -188 -187 -187 -187 -186 -185 -185 -185 -185 -184 -183 -183 -183 -182 -179 -178 -177 -176 -176 -176 -175 -175 -174 -174 -173 -173 -173 -173 -172 -171 -169 -169 -168 -168 -168 -168 -167 -167 -163 -163 -162 -161 -161 -161 -160 -159 -159 -159 -158 -158 -157 -157 -155 -153 -153 -152 -152 -151 -151 -148 -148 -148 -148 -147 -145 -144 -142 -141 -140 -140 -140 -140 -139 -139 -138 -137 -136 -136 -134 -133 -133 -132 -132 -131 -130 -126 -125 -123 -122 -122 -121 -120 -118 -115 -115 -114 -114 -114 -113 -112 -108 -108 -107 -106 -106 -106 -104 -100 -100 -98 -98 -94 -94 -93 -92 -92 -92 -92 -91 -90 -88 -88 -85 -85 -83 -83 -82 -78 -77 -76 -75 -75 -75 -73 -72 -69 -67 -66 -64 -64 -63 -62 -62 -61 -61 -61 -59 -58 -57 -56 -54 -51 -48 -48 -47 -46 -45 -44 -42 -42 -41 -39 -35 -34 -33 -32 -31 -29 -28 -27 -27 -26 -26 -26 -25 -25 -24 -23 -21 -21 -20 -20 -20 -19 -19 -18 -17 -17 -15 -15 -14 -14 -12 -11 -9 -8 -7 -7 -6 -4 -3 -2 -1 0 0 1 1 1 2 5 6 6 6 7 8 9 12 12 12 14 14 14 15 16 17 17 17 17 18 19 19 20 21 21 24 24 24 24 27 28 29 33 34 35 35 36 38 40 42 44 44 44 44 44 45 46 47 47 49 50 50 51 52 53 54 54 54 59 59 60 61 62 63 63 64 65 65 66 66 66 67 67 68 68 68 70 71 71 72 73 77 78 80 81 81 83 84 86 87 87 89 90 90 90 91 92 92 93 95 96 97 98 99 100 102 103 103 104 104 107 108 108 109 109 110 110 110 111 112 112 112 113 114 114 115 116 116 117 117 118 119 121 123 124 124 127 127 128 129 129 130 131 131 132 132 132 132 133 133 133 133 134 135 135 135 135 136 136 138 138 140 141 142 142 144 145 146 146 148 150 150 150 151 151 153 155 156 157 159 159 162 162 163 164 165 165 166 167 167 167 170 170 170 171 173 174 174 175 178 179 179 179 181 181 182 182 183 185 185 186 186 188 189 189 191 191 193 195 198 198 198 199 201 201 202 203 204 205 205 206 210 213 214 215 216 216 216 217 220 220 220 224 224 225 225 225 227 227 227 227 229 229 230 233 235 235 239 240 241 242 242 242 242 244 244 244 244 245 247 247 247 248 248 248 249 249 251 254 255 255 256 259 259 260 262 262 263 263 264 265 267 267 268 268 269 271 271 273 273 274 274 275 277 278 279 281 283 285 285 288 288 289 290 293 293 293 294 297 299 300 301 302 302 303 303 305 305 308 308 308 308 310 310 310 310 312 312 314 315 315 316 317 317 318 318 320 322 322 323 324 325 325 326 329 329 331 331 333 334 335 339 339 339 339 340 340 340 342 342 344 346 347 347 350 351 351 351 352 352 353 354 354 354 355 355 355 359 361 362 363 363 363 363 365 366 366 367 367 369 370 370 372 373 374 375 376 377 377 378 378 378 379 380 380 381 382 382 382 383 387 387 389 392 393 396 398 398 401 403 404 404 406 407 408 410 410 411 412 412 414 415 416 416 417 419 420 422 422 423 424 427 427 428 429 429 429 429 429 430 434 434 436 438 438 438 441 442 443 443 444 446 446 447 448 448 449 450 452 452 453 454 454 454 455 455 456 458 460 461 463 464 465 465 467 468 469 469 470 471 471 472 475 476 476 477 479 481 483 483 483 483 486 486 486 486 487 488 488 488 489 489 492 492 495 495 496 496 496 499 501 502 504 506 508 511 512 512 

# Quick sort results for size = 1200
-511 -510 -510 -510 -507 -507 -506 -506 -505 -504 -504 -502 -502 -501 -501 -500 -499 -499 -499 -498 -498 -497 -496 -496 -495 -493 -492 -491 -490 -489 -487 -487 -486 -485 -484 -484 -484 -484 -483 -481 -481 -480 -478 -477 -477 -475 -471 -471 -470 -470 -468 -466 -465 -464 -463 -462 -462 -462 -462 -460 -460 -459 -459 -457 -457 -456 -456 -456 -454 -454 -454 -452 -449 -447 -445 -445 -444 -444 -443 -441 -440 -440 -436 -436 -435 -435 -432 -432 -432 -431 -431 -430 -428 -426 -426 -425 -425 -423 -423 -423 -422 -421 -420 -419 -419 -414 -413 -413 -413 -411 -411 -409 -409 -408 -408 -407 -407 -406 -406 -405 -404 -403 -403 -402 -402 -400 -397 -395 -394 -394 -393 -392 -390 -389 -389 -389 -386 -386 -385 -385 -384 -383 -380 -379 -379 -379 -378 -378 -378 -378 -378 -377 -377 -375 -374 -372 -371 -371 -371 -369 -369 -368 -367 -365 -365 -363 -362 -361 -361 -360 -360 -359 -358 -357 -356 -356 -354 -354 -354 -354 -353 -353 -351 -351 -350 -350 -348 -348 -347 -343 -342 -341 -341 -341 -340 -339 -338 -338 -338 -338 -338 -337 -337 -335 -334 -334 -334 -333 -332 -331 -331 -331 -327 -325 -324 -323 -323 -323 -323 -323 -323 -323 -321 -320 -319 -318 -316 -314 -313 -310 -309 -309 -308 -308 -308 -306 -306 -305 -304 -304 -303 -302 -302 -300 -300 -299 -298 -297 -294 -293 -293 -292 -291 -290 -289 -289 -288 -287 -287 -287 -287 -287 -286 -286 -286 -285 -282 -282 -279 -279 -279 -275 -274 -272 -272 -270 -267 -265 -264 -263 -262 -262 -262 -261 -261 -261 -260 -259 -259 -258 -258 -257 -256 -255 -253 -252 -252 -251 -249 -248 -244 -243 -243 -243 -242 -241 -241 -239 -238 -238 -237 -235 -235 -235 -235 -235 -235 -235 -234 -233 -233 -232 -230 -228 -226 -226 -224 -224 -223 -220 -218 -217 -217 -215 -214 -211 -209 -208 -207 -207 -207 -206 -205 -205 -205 -204 -203 -202 -201 -200 -199 -198 -197 -196 -196 -196 -195 -195 -195 -194 -193 -192 -191 -190 -189 -188 -184 -184 -181 -181 -181 -181 -180 -180 -177 -177 -177 -177 -177 -174 -173 -173 -172 -172 -172 -172 -171 -171 -170 -169 -169 -168 -167 -165 -165 -164 -164 -162 -162 -161 -159 -159 -158 -157 -156 -155 -155 -153 -153 -149 -148 -148 -147 -146 -145 -144 -142 -142 -140 -138 -137 -136 -135 -134 -132 -130 -130 -129 -129 -129 -128 -126 -125 -124 -124 -122 -121 -120 -120 -120 -119 -116 -115 -115 -114 -108 -107 -105 -104 -102 -101 -99 -98 -97 -97 -96 -95 -95 -95 -94 -94 -93 -93 -92 -90 -90 -89 -88 -87 -87 -84 -83 -81 -81 -80 -78 -77 -77 -77 -76 -74 -74 -74 -73 -73 -72 -72 -71 -69 -69 -68 -67 -67 -66 -65 -63 -63 -63 -61 -61 -60 -60 -59 -58 -57 -57 -56 -54 -54 -53 -53 -51 -51 -51 -50 -47 -47 -45 -45 -45 -45 -44 -43 -43 -42 -42 -40 -38 -38 -37 -36 -35 -35 -34 -31 -30 -30 -29 -29 -28 -27 -27 -26 -25 -25 -24 -23 -22 -20 -20 -20 -19 -19 -18 -17 -17 -16 -16 -16 -15 -14 -13 -13 -12 -11 -10 -9 -8 -5 -5 -5 -4 -4 -4 -3 -1 0 2 3 3 3 3 4 6 6 6 6 8 8 10 11 11 12 13 13 13 14 14 16 16 17 19 20 20 21 21 21 22 22 23 23 23 24 24 24 24 24 25 25 26 26 27 29 29 30 30 30 32 33 33 34 35 35 35 35 35 37 38 38 39 39 39 40 41 41 42 43 44 44 46 47 47 49 50 50 50 52 52 54 54 55 55 59 59 60 61 61 62 63 65 68 70 72 73 74 74 76 77 79 80 80 81 82 83 83 83 84 85 85 86 86 86 86 87 89 90 91 93 93 96 98 99 99 99 99 100 100 100 100 101 102 102 103 105 106 107 109 109 109 110 110 111 112 112 113 113 115 116 118 118 120 121 121 122 122 123 125 125 126 127 129 133 134 136 137 137 137 137 138 138 138 140 141 142 144 144 144 145 149 150 150 151 151 153 153 157 157 157 160 161 161 162 163 163 164 164 164 166 167 168 169 171 172 172 174 176 176 176 177 177 177 178 180 180 180 181 182 183 184 184 185 185 186 187 187 187 187 188 190 191 191 191 192 192 195 196 196 196 197 199 200 201 202 202 203 203 204 205 206 207 207 208 208 209 210 210 210 211 213 213 214 214 214 215 215 217 217 218 218 221 222 222 222 223 223 223 225 226 227 227 228 230 231 232 233 234 234 235 235 239 239 239 241 241 244 244 246 246 247 248 248 248 250 252 253 254 254 254 254 256 256 256 257 258 259 259 259 259 260 261 262 265 265 266 266 267 267 268 268 268 268 269 269 269 270 270 270 270 270 271 272 276 276 276 278 280 283 283 284 286 287 288 290 291 291 293 294 296 297 298 300 301 301 302 303 304 304 306 307 308 308 309 310 311 311 312 312 314 315 315 316 316 319 320 320 320 321 321 322 324 325 326 326 329 329 330 330 332 332 333 334 334 335 335 338 339 340 341 342 342 343 344 345 345 346 346 346 346 348 348 349 349 349 350 350 350 352 352 353 354 355 356 357 357 358 359 360 367 369 370 370 371 372 373 374 374 375 376 377 378 379 380 380 381 383 384 384 384 385 385 387 388 389 389 389 389 390 390 391 391 395 395 395 396 396 396 397 398 398 398 398 400 401 405 405 407 407 408 408 408 410 410 411 412 414 415 415 416 416 416 416 417 420 420 420 421 421 422 423 423 424 425 428 428 428 429 429 430 431 432 432 434 435 435 435 436 436 436 437 439 439 441 441 441 442 442 443 443 443 444 445 446 449 449 449 450 450 450 453 454 454 455 456 458 462 463 465 465 466 466 466 467 468 468 469 469 470 472 473 475 475 475 476 479 480 480 481 481 482 484 484 485 485 486 488 488 489 489 490 491 491 492 492 493 494 496 496 496 497 497 498 499 499 500 500 501 501 503 503 503 503 505 505 505 506 507 507 508 510 512 

# Quick sort results for size = 1300
-512 -511 -511 -511 -511 -510 -509 -509 -508 -507 -506 -505 -505 -504 -503 -503 -502 -501 -501 -500 -500 -499 -499 -499 -498 -498 -497 -497 -497 -497 -496 -495 -494 -494 -492 -491 -491 -490 -487 -486 -485 -485 -485 -485 -483 -482 -482 -481 -480 -480 -480 -478 -477 -476 -476 -475 -475 -474 -472 -471 -471 -470 -468 -468 -467 -467 -467 -465 -463 -462 -462 -462 -460 -458 -457 -457 -454 -454 -454 -454 -452 -451 -450 -450 -449 -448 -447 -447 -447 -446 -446 -443 -443 -443 -442 -442 -441 -440 -440 -439 -439 -438 -438 -437 -437 -437 -435 -434 -433 -433 -433 -432 -432 -432 -431 -430 -430 -430 -429 -427 -426 -424 -424 -424 -422 -422 -422 -418 -417 -417 -417 -417 -416 -415 -412 -411 -411 -411 -410 -409 -405 -405 -403 -403 -403 -402 -399 -399 -398 -398 -398 -397 -397 -397 -397 -397 -396 -393 -392 -392 -389 -389 -389 -389 -388 -385 -385 -385 -383 -383 -382 -380 -379 -378 -377 -377 -377 -377 -376 -375 -375 -374 -372 -371 -370 -369 -367 -367 -366 -366 -364 -363 -361 -359 -358 -356 -355 -355 -355 -354 -354 -354 -353 -353 -353 -352 -352 -351 -346 -345 -345 -343 -343 -342 -341 -341 -340 -340 -338 -337 -337 -333 -331 -331 -331 -331 -330 -327 -326 -326 -326 -326 -325 -324 -324 -324 -322 -321 -320 -320 -320 -318 -317 -316 -314 -314 -313 -313 -311 -309 -309 -309 -308 -308 -307 -307 -306 -305 -305 -303 -303 -302 -301 -300 -300 -298 -296 -296 -295 -294 -290 -290 -289 -289 -288 -288 -288 -286 -285 -285 -283 -283 -281 -280 -279 -277 -277 -274 -271 -270 -269 -269 -269 -269 -268 -264 -264 -261 -260 -259 -259 -258 -257 -256 -256 -255 -255 -254 -254 -254 -253 -252 -250 -250 -247 -247 -247 -246 -246 -245 -245 -244 -242 -241 -240 -239 -239 -236 -236 -236 -236 -235 -235 -235 -231 -230 -230 -230 -229 -228 -227 -227 -226 -225 -225 -224 -224 -224 -223 -221 -219 -217 -217 -216 -215 -215 -214 -214 -211 -211 -211 -210 -209 -209 -209 -208 -208 -208 -208 -207 -207 -205 -205 -205 -204 -203 -203 -202 -201 -201 -201 -200 -199 -199 -199 -199 -198 -197 -197 -197 -196 -196 -196 -195 -195 -194 -193 -191 -191 -191 -190 -190 -190 -190 -190 -189 -189 -188 -188 -186 -186 -186 -185 -184 -183 -182 -182 -180 -179 -179 -178 -177 -175 -173 -173 -173 -172 -171 -171 -170 -168 -168 -166 -166 -165 -165 -164 -163 -159 -159 -159 -159 -157 -154 -150 -149 -148 -148 -148 -148 -147 -147 -146 -146 -146 -146 -142 -142 -141 -140 -134 -133 -133 -130 -130 -129 -129 -128 -128 -128 -127 -125 -125 -125 -124 -123 -122 -122 -121 -121 -121 -120 -120 -119 -119 -119 -119 -118 -118 -117 -115 -114 -114 -114 -112 -112 -111 -111 -109 -109 -108 -108 -108 -107 -106 -106 -105 -104 -104 -102 -102 -102 -102 -101 -100 -100 -100 -99 -98 -95 -95 -95 -95 -94 -94 -94 -94 -92 -90 -89 -89 -88 -88 -88 -87 -87 -83 -82 -82 -82 -81 -79 -79 -78 -78 -78 -77 -76 -75 -75 -75 -74 -74 -73 -73 -73 -72 -72 -71 -70 -69 -68 -66 -65 -65 -63 -63 -62 -59 -59 -59 -58 -57 -56 -56 -54 -52 -50 -47 -47 -44 -43 -42 -42 -42 -39 -38 -38 -38 -37 -34 -34 -33 -32 -32 -32 -32 -30 -29 -29 -27 -26 -26 -24 -23 -23 -23 -23 -22 -20 -20 -17 -16 -15 -13 -12 -11 -9 -8 -8 -6 -6 -4 -3 -2 -1 1 1 3 3 5 5 6 6 9 9 10 10 10 11 12 12 15 15 17 20 20 20 21 21 22 23 23 24 24 25 25 25 25 25 27 27 28 28 29 31 33 34 35 36 39 40 40 40 41 41 42 42 42 42 43 44 45 45 46 46 47 48 48 48 50 51 52 53 53 53 53 54 54 55 55 55 55 58 59 59 60 60 60 60 62 62 62 62 63 64 64 64 64 64 65 66 66 67 68 69 70 71 74 74 75 75 75 75 76 76 77 77 79 79 81 81 81 81 83 83 84 86 86 86 86 87 88 88 89 89 89 90 90 90 91 92 92 92 95 95 95 96 96 96 97 99 101 103 103 103 103 103 105 108 109 109 111 113 113 114 114 116 117 121 122 124 125 127 131 131 131 131 132 132 133 133 134 136 137 137 139 140 140 141 141 142 142 142 144 147 147 148 149 150 151 151 151 151 152 155 155 158 158 158 158 159 159 159 160 161 162 163 164 164 164 166 166 168 170 170 171 171 172 173 174 174 175 176 176 176 176 177 177 177 178 179 179 179 179 181 182 182 183 185 185 186 187 187 187 187 189 189 190 191 191 191 191 192 193 193 193 193 194 194 195 195 195 199 201 201 201 201 202 202 202 203 204 204 205 207 207 208 210 210 211 211 213 213 218 219 221 222 222 223 223 223 224 224 226 227 228 229 230 230 231 231 231 232 232 233 234 234 235 238 239 240 240 240 242 242 243 243 243 244 244 245 246 246 246 246 246 247 248 249 249 250 251 251 252 252 253 253 254 254 254 258 258 258 258 258 260 260 264 264 264 267 268 268 269 271 273 273 274 274 275 276 276 276 277 277 277 278 279 279 280 282 282 284 284 284 285 285 286 287 287 288 288 289 290 290 291 292 293 294 295 297 298 298 299 301 302 304 305 305 306 309 310 313 313 313 314 315 316 318 318 319 320 320 321 322 322 323 323 323 325 325 325 326 326 326 327 328 328 328 330 330 331 332 334 334 335 336 337 338 338 338 339 339 340 340 341 343 343 345 345 347 347 348 349 349 349 350 350 350 351 352 355 356 356 357 357 358 359 360 363 364 366 366 366 368 370 371 371 373 373 374 374 374 374 375 376 377 377 378 379 379 380 380 381 381 382 382 382 383 383 383 383 384 385 385 385 386 386 386 387 387 390 390 390 390 391 393 393 393 393 395 396 399 403 404 404 404 405 406 406 408 409 410 410 410 412 412 413 415 416 416 416 419 419 419 419 420 420 420 420 421 421 421 421 421 422 422 423 423 424 425 426 427 427 427 427 428 428 429 431 433 433 433 436 436 436 438 438 438 439 441 441 441 442 442 442 443 444 444 446 447 447 448 449 452 452 454 455 455 456 456 456 456 459 460 461 461 464 465 466 468 469 469 469 469 470 472 472 473 473 474 475 475 476 476 476 477 477 478 479 479 480 481 482 483 484 487 487 488 488 489 489 489 490 491 491 492 494 495 496 496 496 499 500 500 501 503 503 504 505 505 506 507 508 509 512 512 512 512 

# Quick sort results for size = 1400
-512 -511 -510 -510 -510 -509 -507 -506 -504 -503 -503 -499 -499 -498 -497 -497 -495 -494 -494 -492 -492 -492 -492 -491 -488 -488 -487 -487 -486 -486 -486 -485 -483 -483 -480 -479 -477 -476 -473 -473 -472 -471 -470 -469 -467 -467 -467 -467 -467 -467 -466 -466 -465 -465 -465 -464 -463 -463 -462 -461 -461 -459 -458 -457 -457 -457 -456 -455 -455 -454 -453 -452 -452 -452 -450 -446 -446 -446 -444 -443 -443 -441 -439 -438 -438 -437 -436 -436 -435 -434 -434 -433 -432 -430 -429 -428 -427 -427 -427 -426 -425 -425 -424 -424 -424 -424 -422 -421 -421 -420 -419 -418 -418 -417 -415 -414 -414 -412 -411 -409 -408 -407 -406 -405 -405 -405 -405 -404 -404 -404 -403 -402 -401 -401 -400 -398 -397 -396 -395 -395 -394 -393 -392 -391 -389 -388 -388 -388 -387 -387 -386 -384 -384 -382 -382 -382 -381 -381 -379 -379 -378 -377 -374 -374 -373 -372 -372 -372 -372 -370 -368 -366 -366 -364 -363 -363 -361 -361 -360 -360 -360 -358 -358 -358 -357 -357 -356 -353 -351 -351 -351 -350 -350 -350 -348 -346 -345 -342 -341 -340 -339 -339 -339 -335 -335 -333 -332 -330 -330 -329 -329 -329 -329 -327 -326 -326 -326 -326 -325 -325 -323 -322 -322 -321 -321 -320 -319 -316 -312 -311 -309 -309 -308 -306 -306 -304 -304 -303 -303 -302 -299 -299 -297 -297 -297 -296 -295 -295 -295 -293 -292 -292 -291 -291 -290 -290 -289 -289 -289 -289 -288 -288 -288 -287 -286 -285 -285 -283 -283 -282 -282 -280 -280 -280 -278 -278 -277 -277 -274 -273 -273 -273 -273 -271 -271 -270 -270 -270 -270 -269 -269 -268 -264 -263 -263 -262 -262 -261 -261 -261 -260 -260 -260 -260 -259 -259 -258 -257 -256 -256 -255 -255 -254 -253 -252 -252 -252 -250 -250 -250 -249 -247 -247 -246 -246 -245 -244 -244 -243 -241 -241 -240 -240 -240 -239 -239 -239 -238 -238 -238 -237 -236 -236 -236 -236 -236 -236 -234 -233 -233 -233 -233 -231 -229 -229 -229 -229 -229 -228 -228 -227 -227 -227 -226 -226 -225 -225 -222 -222 -222 -221 -220 -219 -218 -216 -216 -216 -216 -215 -215 -214 -213 -212 -212 -210 -210 -209 -209 -209 -207 -207 -205 -204 -203 -203 -202 -202 -202 -202 -200 -200 -200 -200 -199 -199 -198 -198 -197 -197 -197 -196 -196 -196 -196 -196 -195 -194 -192 -192 -191 -191 -190 -190 -189 -188 -188 -187 -187 -185 -185 -182 -182 -181 -180 -180 -180 -180 -179 -177 -177 -177 -177 -177 -176 -174 -172 -172 -172 -172 -169 -169 -168 -167 -167 -166 -165 -163 -163 -162 -161 -161 -160 -160 -160 -160 -159 -158 -157 -156 -155 -154 -154 -153 -153 -153 -153 -151 -151 -151 -150 -150 -150 -150 -149 -149 -149 -148 -148 -148 -148 -147 -146 -145 -144 -142 -142 -141 -141 -140 -139 -139 -138 -137 -137 -136 -133 -133 -133 -133 -132 -132 -132 -130 -130 -129 -129 -128 -128 -127 -127 -127 -125 -124 -123 -123 -123 -123 -123 -123 -120 -120 -119 -118 -116 -115 -114 -113 -113 -113 -111 -110 -109 -109 -107 -107 -106 -104 -103 -103 -102 -101 -101 -101 -101 -101 -98 -97 -97 -95 -94 -92 -92 -91 -90 -90 -89 -87 -86 -85 -85 -84 -83 -83 -81 -81 -80 -79 -77 -77 -76 -76 -75 -73 -73 -72 -71 -71 -70 -70 -70 -70 -70 -70 -69 -68 -66 -66 -66 -65 -64 -64 -63 -63 -63 -62 -61 -60 -59 -58 -58 -57 -54 -54 -54 -54 -51 -50 -50 -50 -49 -49 -49 -48 -47 -47 -47 -46 -44 -44 -43 -42 -41 -41 -39 -38 -36 -35 -34 -34 -34 -33 -33 -32 -32 -32 -31 -31 -31 -30 -30 -29 -29 -28 -28 -27 -27 -27 -26 -25 -25 -25 -25 -24 -24 -24 -23 -21 -21 -21 -17 -17 -16 -15 -14 -11 -11 -11 -10 -10 -8 -8 -8 -7 -7 -7 -6 -6 -6 -6 -5 -4 -3 -3 -3 -2 -2 -2 -1 -1 2 3 3 3 6 7 9 11 13 14 14 15 16 17 18 19 20 20 20 21 22 22 22 23 24 27 28 30 31 31 32 32 32 32 32 33 33 35 35 36 36 38 39 42 45 46 46 48 48 50 51 51 52 52 53 54 54 54 55 55 56 56 57 58 58 58 58 59 60 60 62 62 64 65 65 66 67 68 69 69 70 70 70 70 70 71 71 72 72 72 73 73 75 75 76 78 79 79 80 80 82 82 83 83 83 83 83 84 84 85 86 87 87 88 89 89 91 92 92 92 93 93 94 96 96 98 98 99 100 100 100 100 100 101 103 105 106 106 107 108 108 109 109 110 110 110 110 113 113 114 114 115 115 115 117 117 117 117 118 118 118 119 120 120 121 121 122 122 122 123 126 127 128 129 129 130 132 132 132 134 135 135 137 137 138 138 139 140 141 142 142 142 143 144 145 145 147 148 149 149 149 149 149 151 151 151 153 153 154 154 156 157 158 159 160 162 163 164 164 166 167 168 169 170 171 172 172 173 173 174 175 176 177 179 179 180 180 181 181 185 185 186 186 187 188 188 189 189 190 194 196 196 197 197 198 198 198 199 199 199 199 200 201 203 204 205 205 206 207 207 208 210 210 210 211 211 212 212 213 213 213 214 215 215 216 216 216 217 217 218 218 218 219 219 222 222 223 224 225 225 225 228 228 232 232 233 233 233 234 234 234 236 237 237 237 237 238 238 238 238 241 241 241 242 242 242 242 243 243 245 245 248 250 250 250 251 251 252 253 253 254 254 255 256 256 257 258 258 260 261 261 261 262 265 265 267 267 267 268 268 268 270 271 271 273 274 275 275 276 276 277 277 277 277 279 280 282 284 284 284 285 286 289 290 291 291 291 293 293 294 295 296 298 298 300 301 301 301 302 303 303 303 304 304 304 305 306 306 306 306 306 307 308 310 312 313 313 314 314 314 315 316 316 317 317 318 318 318 318 318 319 320 320 324 325 326 326 326 326 327 327 328 329 329 330 330 331 331 332 332 333 333 334 336 336 337 337 338 338 340 340 341 342 343 343 343 343 344 347 348 349 349 349 350 351 351 352 352 353 355 356 357 358 358 360 360 362 363 363 364 365 365 365 366 366 368 369 369 370 370 371 371 372 372 372 373 373 373 373 374 375 375 376 376 376 378 379 380 380 381 381 381 381 381 382 382 383 388 388 388 388 389 391 392 392 393 394 396 397 399 399 401 401 402 402 402 403 403 405 405 406 406 407 408 409 409 409 410 410 412 412 412 413 413 414 415 416 417 418 419 419 420 421 421 421 424 424 425 426 427 427 427 428 429 429 429 429 429 430 432 433 433 434 434 435 437 438 438 438 439 440 441 441 441 442 443 443 443 445 446 446 447 447 448 449 450 451 451 453 453 455 456 458 458 458 458 459 461 461 462 463 463 465 466 466 466 467 467 467 468 469 469 470 470 470 470 471 472 472 473 474 475 476 480 480 480 481 482 483 484 484 484 485 486 486 487 487 488 488 489 489 490 490 490 491 492 492 492 493 493 494 495 496 496 497 497 497 498 499 502 502 503 506 507 508 508 509 509 510 510 510 

# Quick sort results for size = 1500
-512 -510 -509 -508 -507 -506 -506 -506 -506 -506 -506 -505 -503 -503 -502 -501 -501 -500 -500 -499 -499 -499 -499 -498 -498 -497 -497 -494 -494 -493 -492 -492 -492 -492 -491 -490 -490 -490 -490 -489 -489 -488 -487 -487 -486 -486 -485 -485 -484 -484 -483 -483 -483 -482 -481 -481 -481 -480 -480 -480 -480 -480 -479 -479 -478 -477 -476 -476 -476 -475 -475 -475 -473 -473 -472 -471 -471 -470 -469 -469 -469 -468 -467 -465 -465 -465 -465 -463 -463 -461 -461 -460 -460 -459 -458 -458 -458 -458 -457 -457 -456 -456 -456 -456 -455 -453 -453 -453 -452 -452 -451 -449 -449 -448 -448 -447 -447 -446 -446 -446 -446 -446 -445 -445 -445 -444 -444 -444 -444 -444 -444 -443 -443 -443 -441 -440 -440 -439 -439 -439 -438 -438 -433 -433 -430 -430 -430 -429 -427 -427 -426 -426 -424 -424 -423 -421 -421 -420 -420 -419 -418 -418 -418 -418 -418 -415 -415 -415 -414 -413 -413 -412 -412 -412 -411 -410 -408 -408 -407 -407 -406 -406 -405 -405 -405 -404 -404 -403 -402 -402 -402 -401 -401 -400 -399 -398 -397 -396 -395 -395 -395 -395 -395 -394 -393 -391 -391 -391 -390 -389 -387 -387 -387 -386 -385 -385 -384 -383 -383 -382 -381 -381 -381 -381 -381 -380 -377 -376 -375 -375 -375 -374 -372 -372 -370 -369 -369 -368 -367 -367 -365 -365 -362 -362 -362 -361 -360 -360 -360 -360 -359 -358 -358 -358 -357 -357 -356 -356 -355 -354 -354 -353 -352 -352 -351 -350 -349 -348 -348 -348 -348 -348 -347 -346 -345 -343 -343 -342 -341 -341 -340 -340 -338 -337 -336 -336 -335 -334 -334 -333 -333 -332 -332 -331 -331 -331 -330 -330 -329 -325 -325 -323 -322 -322 -321 -321 -320 -320 -319 -319 -318 -318 -317 -317 -316 -316 -315 -315 -314 -314 -313 -312 -312 -311 -311 -310 -310 -310 -310 -310 -309 -309 -309 -309 -309 -308 -307 -307 -306 -306 -305 -305 -304 -304 -304 -303 -303 -303 -301 -301 -299 -299 -298 -297 -297 -296 -296 -295 -295 -294 -294 -294 -294 -294 -293 -291 -291 -289 -289 -288 -288 -288 -287 -287 -284 -283 -283 -283 -281 -281 -281 -280 -279 -278 -278 -278 -277 -277 -277 -277 -274 -272 -272 -271 -271 -271 -271 -269 -269 -266 -266 -265 -265 -265 -264 -263 -262 -261 -259 -259 -257 -256 -256 -255 -254 -254 -252 -249 -248 -248 -247 -246 -246 -245 -245 -243 -243 -243 -242 -238 -238 -238 -237 -234 -234 -234 -233 -233 -233 -231 -231 -230 -230 -229 -229 -228 -227 -226 -225 -224 -224 -223 -222 -222 -222 -221 -221 -220 -220 -219 -219 -218 -218 -217 -217 -216 -215 -215 -215 -215 -214 -213 -210 -210 -210 -209 -207 -205 -204 -203 -202 -201 -201 -200 -200 -199 -198 -197 -197 -195 -193 -193 -193 -192 -191 -190 -190 -190 -189 -189 -188 -187 -187 -187 -187 -187 -186 -186 -183 -183 -182 -182 -181 -181 -180 -179 -179 -179 -177 -176 -175 -173 -171 -169 -166 -164 -163 -162 -162 -161 -161 -160 -160 -160 -160 -157 -157 -156 -155 -154 -154 -154 -154 -153 -152 -151 -151 -147 -147 -147 -144 -144 -144 -143 -143 -143 -142 -142 -142 -142 -140 -139 -135 -135 -135 -134 -134 -131 -130 -130 -130 -130 -130 -129 -128 -128 -128 -127 -125 -123 -122 -120 -120 -120 -119 -118 -118 -117 -116 -116 -115 -113 -112 -112 -112 -109 -109 -107 -106 -106 -105 -103 -103 -103 -102 -100 -100 -100 -100 -96 -94 -93 -93 -92 -91 -91 -91 -90 -89 -88 -88 -88 -88 -87 -86 -85 -85 -85 -84 -83 -82 -82 -82 -82 -80 -76 -76 -75 -74 -73 -73 -73 -73 -72 -72 -72 -71 -71 -69 -68 -68 -67 -67 -66 -66 -65 -64 -63 -63 -62 -62 -62 -60 -60 -59 -59 -59 -57 -57 -57 -57 -55 -54 -54 -54 -54 -54 -54 -54 -54 -53 -51 -51 -50 -49 -49 -48 -48 -46 -44 -42 -39 -39 -38 -37 -36 -36 -35 -35 -34 -34 -33 -33 -32 -31 -31 -31 -30 -29 -28 -28 -27 -27 -24 -23 -22 -22 -21 -20 -19 -19 -19 -18 -17 -17 -17 -17 -14 -13 -12 -11 -11 -10 -10 -9 -9 -8 -8 -7 -7 -6 -6 -6 -6 -5 -3 -1 0 0 1 5 6 7 10 10 12 12 12 13 13 13 13 13 14 15 16 17 17 19 19 20 20 20 20 21 21 22 23 25 25 25 26 27 27 27 27 28 28 30 30 30 32 33 33 33 34 34 35 35 36 36 37 37 37 37 37 38 38 38 38 38 39 40 41 41 41 41 42 42 43 43 44 46 47 48 50 50 50 51 51 51 52 52 52 53 54 54 55 56 58 59 62 62 62 66 66 67 69 69 69 69 71 71 72 72 72 73 74 76 77 77 79 80 82 82 82 84 84 85 85 86 86 86 86 87 87 89 90 91 92 92 93 94 94 95 95 96 97 97 97 97 98 98 98 98 100 100 101 103 103 103 103 104 107 107 107 109 110 110 111 111 112 113 113 113 113 114 114 115 116 117 118 118 119 120 120 120 120 120 120 121 122 123 123 124 125 126 126 126 127 127 128 128 128 129 129 129 129 129 130 130 130 131 131 132 134 135 136 137 137 138 139 140 142 142 142 144 144 145 146 146 147 148 148 148 148 149 150 151 151 151 152 152 152 154 155 157 159 160 160 160 161 161 162 163 163 164 165 165 166 167 170 171 172 172 172 173 173 174 175 176 178 178 178 178 179 180 182 182 183 183 183 184 184 184 185 186 188 188 192 193 194 194 195 195 196 198 198 198 199 200 200 200 203 203 204 204 205 205 206 207 208 208 208 208 208 209 210 212 212 213 216 216 217 217 222 224 224 224 225 226 226 226 226 227 228 228 228 230 231 232 232 234 235 235 235 236 237 237 237 238 239 240 242 243 244 244 245 246 248 249 249 249 250 251 252 252 253 253 256 257 258 259 259 260 261 261 262 262 263 264 264 265 265 265 266 266 267 267 267 269 269 269 269 270 270 270 270 272 272 273 273 274 276 277 278 279 280 280 281 282 283 283 284 284 284 284 285 285 285 285 286 288 288 288 289 290 291 293 294 295 295 299 300 302 302 303 303 304 305 306 308 309 311 312 313 314 314 314 315 315 316 316 317 317 319 319 320 320 321 321 323 323 323 326 326 326 328 328 328 329 330 333 333 333 334 335 335 335 336 337 337 337 338 338 339 339 339 340 340 341 342 342 342 342 344 344 344 345 346 347 347 349 349 349 349 349 351 352 353 354 354 356 359 359 359 359 360 360 360 361 361 361 362 362 364 365 365 366 366 366 366 366 367 367 368 368 368 370 370 372 373 373 373 374 374 375 376 377 378 378 379 381 381 381 383 384 384 385 386 386 387 387 388 388 390 391 392 393 393 394 395 395 395 395 396 397 397 397 398 400 400 403 405 406 406 407 407 407 408 408 408 409 409 409 410 410 412 412 413 414 414 414 415 415 416 416 417 417 417 418 418 418 418 418 419 420 421 421 421 422 422 423 423 423 424 425 425 428 428 428 428 429 430 430 430 431 433 435 435 435 436 438 438 439 441 441 442 443 444 446 447 448 448 449 451 452 452 453 453 454 454 455 456 456 456 457 459 459 459 460 460 460 461 462 464 465 466 467 467 467 468 468 468 469 470 470 471 473 473 474 474 475 475 476 476 477 478 480 480 481 481 482 483 483 483 484 484 484 485 485 485 485 486 486 488 488 488 488 488 491 492 492 494 494 495 495 496 496 497 498 498 498 498 500 500 500 500 501 502 503 503 504 504 504 504 504 505 505 507 508 509 510 510 510 511 511 511 512 512 

# Quick sort results for size = 1600
-512 -512 -510 -509 -509 -507 -507 -507 -507 -507 -506 -504 -504 -504 -502 -502 -502 -501 -501 -501 -500 -500 -500 -499 -498 -498 -498 -498 -497 -497 -497 -495 -494 -494 -494 -494 -492 -492 -492 -491 -491 -491 -490 -488 -488 -487 -487 -485 -485 -485 -484 -484 -483 -482 -481 -481 -481 -479 -479 -477 -477 -476 -474 -474 -473 -472 -471 -469 -469 -468 -468 -466 -465 -464 -464 -464 -464 -463 -463 -462 -461 -460 -459 -459 -459 -458 -458 -458 -457 -456 -456 -456 -452 -452 -451 -451 -450 -450 -449 -449 -448 -448 -447 -446 -446 -445 -445 -445 -441 -441 -438 -438 -438 -437 -436 -435 -435 -435 -434 -434 -434 -434 -434 -434 -433 -433 -433 -431 -431 -430 -429 -429 -429 -427 -425 -424 -424 -423 -423 -422 -422 -422 -421 -421 -420 -419 -419 -419 -418 -416 -414 -414 -414 -413 -412 -410 -410 -410 -409 -409 -406 -404 -404 -403 -403 -403 -403 -403 -401 -401 -401 -400 -399 -399 -398 -397 -397 -396 -395 -395 -395 -394 -394 -394 -393 -392 -392 -392 -390 -388 -387 -387 -387 -385 -385 -384 -383 -382 -381 -381 -379 -379 -378 -378 -376 -373 -372 -372 -372 -371 -371 -370 -370 -370 -368 -365 -364 -363 -363 -362 -362 -362 -362 -361 -357 -356 -355 -355 -354 -354 -354 -353 -353 -351 -351 -350 -350 -350 -349 -348 -348 -347 -347 -345 -345 -344 -344 -342 -341 -340 -340 -339 -339 -339 -336 -336 -336 -335 -334 -333 -330 -330 -330 -329 -329 -329 -328 -327 -326 -325 -324 -324 -324 -323 -323 -323 -322 -322 -322 -321 -320 -319 -317 -316 -316 -316 -315 -315 -313 -313 -313 -313 -313 -312 -311 -311 -310 -309 -308 -307 -304 -304 -304 -304 -303 -302 -301 -301 -301 -300 -300 -297 -297 -297 -296 -295 -295 -294 -293 -293 -291 -290 -289 -289 -289 -289 -285 -285 -284 -284 -283 -282 -282 -281 -281 -281 -280 -279 -277 -277 -277 -276 -276 -276 -275 -275 -274 -273 -272 -270 -270 -268 -268 -267 -267 -267 -266 -266 -264 -264 -264 -264 -263 -263 -263 -261 -261 -260 -260 -259 -258 -257 -257 -257 -256 -256 -256 -256 -255 -255 -255 -255 -253 -252 -252 -251 -250 -250 -250 -249 -249 -249 -248 -248 -248 -248 -247 -246 -246 -246 -245 -245 -244 -244 -243 -242 -241 -240 -239 -236 -235 -234 -234 -233 -233 -232 -232 -231 -231 -231 -230 -230 -230 -229 -228 -227 -227 -225 -224 -224 -224 -222 -221 -217 -215 -215 -214 -214 -213 -212 -212 -211 -210 -210 -207 -204 -204 -203 -202 -202 -199 -199 -198 -194 -193 -193 -193 -192 -192 -192 -191 -191 -189 -189 -189 -188 -187 -187 -186 -186 -186 -185 -185 -183 -181 -181 -180 -180 -179 -178 -178 -177 -177 -176 -175 -175 -174 -174 -174 -173 -172 -171 -171 -171 -170 -168 -168 -167 -167 -167 -166 -166 -165 -165 -165 -164 -163 -162 -162 -161 -161 -161 -161 -160 -160 -159 -158 -158 -158 -157 -157 -155 -155 -155 -155 -154 -152 -152 -152 -152 -152 -151 -151 -151 -150 -149 -148 -146 -145 -145 -144 -143 -143 -142 -142 -142 -142 -141 -140 -140 -139 -139 -139 -139 -139 -137 -137 -136 -136 -135 -132 -132 -132 -132 -131 -130 -129 -129 -127 -127 -127 -126 -126 -124 -123 -122 -122 -122 -120 -120 -119 -119 -119 -118 -118 -118 -117 -117 -117 -116 -116 -116 -115 -114 -114 -114 -113 -113 -113 -113 -112 -112 -110 -109 -108 -107 -106 -106 -105 -103 -103 -102 -102 -101 -101 -101 -99 -99 -99 -98 -98 -98 -97 -97 -97 -94 -93 -92 -92 -92 -92 -91 -91 -89 -88 -88 -88 -86 -85 -85 -84 -83 -83 -82 -82 -82 -81 -80 -80 -80 -79 -78 -78 -78 -77 -76 -75 -74 -73 -73 -73 -72 -72 -71 -69 -69 -69 -69 -67 -66 -65 -65 -65 -63 -62 -61 -60 -60 -60 -57 -57 -56 -54 -51 -51 -51 -49 -49 -49 -48 -48 -48 -48 -47 -47 -46 -46 -45 -45 -45 -44 -44 -41 -40 -39 -39 -38 -38 -37 -36 -36 -35 -34 -34 -33 -32 -32 -32 -31 -31 -31 -31 -30 -30 -30 -28 -28 -26 -26 -24 -24 -24 -23 -23 -22 -21 -21 -21 -20 -19 -17 -17 -17 -16 -16 -15 -15 -14 -14 -12 -12 -12 -11 -11 -11 -10 -9 -8 -8 -5 -4 -3 -3 -3 -3 -2 -1 0 0 1 2 2 4 5 5 5 6 7 7 7 7 8 9 10 10 11 11 11 11 13 13 15 16 16 17 19 20 20 21 21 22 23 24 25 26 26 27 27 27 29 31 31 32 35 37 39 40 40 41 41 41 42 42 42 43 43 44 44 44 46 47 47 48 48 49 50 50 50 50 50 50 51 52 52 52 52 53 53 53 54 54 55 55 55 56 56 56 57 60 61 63 63 63 65 67 67 67 67 68 69 70 70 71 71 71 74 75 77 77 78 78 79 81 82 82 82 82 83 84 84 85 86 87 87 87 88 88 88 89 89 89 90 90 90 91 91 92 92 93 94 95 97 98 98 98 100 101 102 102 103 104 104 104 104 107 108 108 109 110 111 111 112 114 114 115 115 115 116 116 116 117 117 118 119 119 119 119 122 122 123 123 123 124 124 126 127 127 127 128 128 128 129 130 130 130 132 132 134 134 134 135 135 135 137 138 139 139 139 141 141 142 143 143 143 144 144 146 146 146 147 148 149 151 151 152 152 153 153 154 154 154 155 157 157 158 158 160 161 161 163 163 163 163 164 165 165 165 165 165 167 167 167 168 169 169 170 170 171 171 172 172 175 175 176 176 177 177 178 178 179 179 179 180 180 181 181 181 181 182 182 182 182 183 183 183 183 184 185 186 186 187 187 188 188 189 189 189 189 189 190 191 191 192 192 192 193 195 195 195 196 197 198 198 200 200 200 201 202 202 202 203 203 205 206 206 207 208 210 211 211 212 212 214 215 216 217 217 217 217 217 218 221 222 222 222 223 223 225 225 225 226 226 227 228 229 230 231 232 232 233 233 234 234 235 236 236 236 236 237 238 238 238 239 239 240 240 240 242 242 243 243 243 243 243 244 244 245 245 245 246 246 246 246 248 248 250 250 251 251 252 252 253 253 253 253 253 253 254 255 255 255 256 256 258 258 258 259 260 262 263 263 264 264 265 266 266 266 266 267 268 269 269 269 269 269 269 270 272 273 274 274 274 275 275 275 275 276 276 276 276 277 278 278 278 280 282 284 284 284 284 284 285 286 287 288 288 289 290 290 290 291 291 292 293 294 294 294 295 295 296 296 297 298 298 298 298 299 301 302 302 303 303 304 304 304 305 305 307 307 308 308 310 310 311 312 312 313 313 314 315 315 315 318 318 319 319 321 321 322 322 326 326 327 327 330 330 330 331 332 333 333 333 333 333 334 334 336 336 336 337 339 339 339 339 340 341 341 341 343 344 344 344 345 345 345 346 346 346 346 348 350 350 350 351 351 352 352 354 354 355 355 357 357 358 358 359 359 361 361 361 363 364 366 367 367 367 369 370 371 372 373 373 373 374 375 375 375 376 377 377 378 379 379 379 380 380 381 381 381 382 383 384 384 384 385 385 386 386 387 387 388 389 389 389 389 390 391 393 393 393 394 395 395 396 396 396 397 397 397 399 399 399 399 399 399 400 401 401 402 403 403 405 405 406 406 407 407 407 408 409 409 410 411 411 412 413 413 414 414 414 414 414 414 416 418 418 419 419 420 420 420 422 423 424 424 425 425 426 427 428 429 430 431 432 432 432 432 432 432 432 434 436 436 436 436 436 436 438 438 439 439 440 440 441 441 441 441 441 441 442 444 444 445 445 445 446 446 446 447 447 448 449 450 451 452 452 453 454 455 456 456 459 459 459 460 461 462 462 462 463 464 465 465 465 466 467 468 469 469 469 469 473 474 474 476 477 477 478 478 479 479 482 482 483 484 484 484 485 485 486 486 487 487 487 487 488 488 488 488 488 489 490 490 491 491 492 492 492 493 493 494 494 495 495 495 496 496 496 496 497 497 499 499 499 499 500 501 502 504 505 506 506 506 507 507 508 508 511 512 512 

# Quick sort results for size = 1700
-511 -508 -507 -506 -506 -506 -504 -504 -503 -502 -502 -501 -501 -500 -500 -500 -500 -499 -499 -499 -498 -498 -496 -495 -495 -494 -494 -493 -493 -492 -491 -491 -491 -490 -490 -489 -488 -488 -488 -487 -487 -485 -484 -484 -484 -483 -483 -483 -483 -482 -481 -481 -480 -480 -479 -478 -478 -477 -477 -477 -476 -474 -473 -472 -472 -472 -471 -471 -471 -469 -469 -469 -467 -466 -466 -466 -465 -465 -464 -464 -464 -464 -464 -463 -463 -463 -463 -460 -459 -459 -458 -456 -456 -455 -454 -453 -452 -452 -450 -450 -450 -449 -449 -449 -448 -446 -445 -445 -445 -444 -444 -444 -443 -442 -442 -442 -442 -441 -438 -438 -438 -437 -437 -437 -436 -436 -435 -434 -433 -432 -432 -431 -429 -429 -429 -429 -429 -428 -427 -427 -426 -425 -425 -424 -424 -421 -421 -421 -421 -420 -420 -420 -420 -419 -419 -419 -418 -418 -418 -417 -417 -417 -416 -416 -416 -416 -415 -415 -415 -414 -414 -413 -413 -412 -412 -412 -411 -409 -408 -407 -407 -407 -407 -406 -406 -406 -406 -405 -404 -404 -404 -402 -401 -401 -401 -401 -400 -397 -396 -395 -394 -394 -394 -394 -393 -392 -392 -392 -391 -390 -388 -388 -387 -385 -382 -381 -381 -381 -380 -380 -380 -378 -378 -377 -377 -376 -376 -374 -373 -373 -372 -372 -371 -371 -370 -370 -369 -368 -367 -366 -365 -365 -364 -364 -362 -361 -361 -361 -360 -360 -359 -359 -359 -359 -359 -358 -357 -357 -357 -356 -355 -355 -355 -353 -353 -351 -351 -351 -351 -350 -350 -348 -348 -348 -348 -346 -345 -344 -344 -343 -343 -343 -342 -342 -338 -337 -336 -336 -335 -335 -334 -334 -334 -334 -333 -333 -333 -331 -331 -331 -331 -330 -330 -330 -330 -329 -329 -328 -328 -327 -327 -327 -327 -326 -326 -325 -324 -324 -323 -323 -323 -322 -322 -321 -320 -318 -318 -317 -316 -316 -315 -315 -314 -314 -314 -313 -313 -311 -311 -311 -311 -310 -309 -308 -308 -306 -306 -306 -306 -305 -302 -302 -301 -300 -300 -298 -298 -297 -296 -296 -296 -295 -295 -295 -294 -294 -294 -291 -291 -288 -287 -287 -286 -286 -285 -284 -284 -283 -283 -282 -281 -280 -280 -280 -280 -279 -279 -279 -279 -277 -277 -277 -276 -275 -275 -274 -273 -273 -272 -271 -270 -269 -269 -268 -268 -268 -268 -267 -267 -267 -267 -266 -265 -265 -265 -265 -265 -263 -263 -263 -263 -262 -261 -260 -258 -258 -258 -257 -255 -254 -253 -252 -252 -252 -252 -252 -251 -248 -246 -246 -246 -245 -244 -243 -242 -241 -239 -239 -239 -238 -237 -236 -236 -235 -233 -232 -232 -231 -229 -229 -228 -228 -228 -227 -227 -227 -226 -225 -225 -224 -223 -223 -222 -220 -219 -219 -219 -218 -218 -217 -217 -217 -216 -214 -212 -211 -211 -211 -211 -211 -210 -209 -209 -209 -209 -209 -209 -206 -206 -206 -206 -205 -205 -204 -204 -203 -202 -201 -201 -201 -200 -199 -199 -199 -199 -198 -198 -197 -195 -194 -193 -193 -193 -192 -192 -191 -189 -189 -188 -187 -187 -187 -187 -186 -185 -185 -185 -184 -184 -183 -182 -181 -181 -180 -179 -179 -179 -178 -178 -177 -176 -175 -174 -174 -173 -172 -171 -168 -168 -168 -167 -167 -166 -166 -166 -165 -164 -164 -162 -162 -161 -161 -160 -160 -159 -158 -158 -157 -157 -157 -156 -156 -156 -155 -155 -152 -151 -151 -151 -150 -150 -150 -149 -149 -148 -146 -146 -146 -145 -144 -144 -143 -142 -142 -141 -141 -141 -141 -141 -140 -140 -139 -137 -136 -135 -135 -134 -134 -133 -132 -131 -130 -130 -127 -127 -126 -125 -124 -123 -123 -123 -122 -122 -122 -122 -121 -121 -121 -121 -120 -120 -118 -118 -118 -117 -117 -116 -115 -115 -115 -114 -114 -114 -113 -113 -111 -111 -109 -108 -108 -107 -106 -106 -105 -103 -103 -102 -102 -101 -101 -100 -99 -99 -98 -97 -97 -96 -96 -96 -95 -95 -95 -94 -93 -93 -91 -91 -91 -91 -90 -90 -90 -90 -89 -88 -87 -86 -85 -85 -84 -82 -82 -81 -80 -79 -79 -79 -79 -79 -78 -78 -77 -77 -77 -76 -75 -75 -74 -74 -73 -73 -73 -72 -72 -72 -71 -71 -70 -70 -69 -68 -67 -66 -66 -66 -65 -65 -65 -64 -63 -63 -62 -61 -61 -60 -58 -58 -57 -56 -55 -55 -55 -53 -53 -53 -52 -52 -52 -51 -50 -49 -49 -49 -48 -48 -47 -47 -45 -45 -44 -44 -43 -42 -42 -42 -42 -42 -41 -40 -40 -40 -39 -39 -39 -38 -38 -36 -34 -33 -33 -33 -33 -32 -32 -31 -29 -29 -29 -28 -27 -26 -25 -25 -24 -23 -22 -22 -21 -21 -19 -18 -18 -18 -17 -16 -15 -15 -13 -12 -12 -11 -10 -10 -10 -9 -9 -8 -7 -6 -6 -6 -5 -5 -5 -3 -3 -3 -2 -2 -1 0 0 0 1 1 2 2 2 3 4 4 5 5 5 5 6 7 8 8 8 10 11 11 12 12 12 12 12 12 12 13 14 14 15 16 17 19 20 21 21 22 22 23 24 25 26 27 28 28 29 29 30 31 31 32 32 33 33 34 36 36 38 39 39 39 39 40 41 41 42 44 44 45 45 46 47 47 49 50 51 51 51 52 55 55 55 56 56 57 57 57 58 58 59 59 60 60 61 61 61 61 61 61 62 62 63 64 65 67 67 68 68 68 68 68 72 73 73 75 76 76 77 78 78 78 79 80 80 81 82 83 83 83 83 83 84 84 84 85 86 87 88 89 89 90 90 90 92 92 92 93 93 94 95 95 95 96 96 96 97 97 97 98 98 99 100 103 104 104 104 105 105 106 107 107 107 107 108 108 109 109 109 109 110 111 111 112 113 113 115 115 117 117 118 118 118 119 119 119 119 120 121 121 122 123 124 125 126 126 127 128 128 129 129 129 130 131 132 132 132 132 133 133 134 134 136 136 137 137 137 138 138 139 139 139 139 140 140 142 142 143 143 144 144 144 145 145 145 146 146 147 147 147 147 147 148 148 149 150 150 150 151 151 152 152 152 153 153 154 154 154 154 156 156 156 156 157 157 157 159 161 162 163 164 164 165 165 165 166 167 167 168 169 169 169 170 171 172 172 172 172 172 173 173 174 175 175 176 178 178 178 180 180 181 181 181 182 183 183 183 183 184 185 185 186 187 187 187 187 188 189 189 189 190 191 191 191 192 192 192 194 195 196 197 197 199 199 199 201 202 203 203 205 205 206 206 206 208 209 209 209 211 211 212 214 214 214 214 215 215 215 215 216 216 217 218 218 218 219 219 220 221 221 222 222 222 222 225 226 227 228 229 230 230 231 231 232 232 233 233 233 234 235 235 235 236 237 237 237 237 239 240 240 241 242 242 242 242 243 243 245 246 247 247 248 248 249 250 251 251 254 254 254 254 254 255 256 256 257 257 257 258 259 261 262 263 263 264 264 264 265 267 267 268 269 269 270 272 272 273 273 274 275 275 275 276 279 279 279 281 281 282 282 282 283 283 283 284 284 285 286 287 288 289 290 290 290 291 294 294 294 295 295 296 297 298 300 300 300 300 302 302 303 303 303 304 305 305 305 305 306 307 308 308 309 309 310 310 311 312 313 314 315 316 317 317 317 317 318 318 318 319 319 320 321 322 323 323 323 323 324 324 324 325 326 326 326 327 328 328 330 331 332 333 333 334 335 336 338 338 339 339 340 340 340 341 343 343 344 345 345 346 348 348 349 349 349 349 349 350 352 352 352 352 353 354 354 355 355 356 356 356 356 356 357 358 358 359 359 359 359 360 360 360 360 360 361 361 361 361 363 363 363 365 365 365 366 368 369 369 369 371 372 374 374 375 375 377 378 378 378 378 379 379 379 380 381 381 382 383 384 384 384 385 386 386 387 388 388 389 389 391 392 396 396 396 396 397 398 399 399 399 400 400 400 400 400 401 403 403 403 404 404 405 406 406 408 408 408 409 409 409 410 410 410 410 411 412 413 413 413 413 414 414 414 415 415 415 416 416 416 416 416 416 417 417 418 419 419 420 420 421 421 421 422 423 423 423 424 425 425 426 426 428 428 431 432 432 434 435 435 435 436 436 436 436 437 437 438 440 440 441 442 442 443 443 444 444 444 444 445 445 445 445 445 446 447 447 448 451 452 452 452 452 453 453 454 454 454 455 455 456 456 457 458 458 459 460 460 460 461 461 461 461 463 463 463 465 465 466 466 467 468 468 470 470 471 471 471 471 472 472 473 473 475 477 477 477 477 478 479 479 481 481 481 482 482 483 485 485 486 487 488 488 489 489 494 494 494 495 496 496 496 497 497 497 498 498 498 499 500 500 500 503 503 503 503 504 504 504 504 505 506 507 510 510 510 512 512 512 

# Quick sort results for size = 1800
-512 -512 -512 -512 -511 -511 -508 -507 -505 -505 -505 -505 -504 -504 -504 -503 -503 -503 -503 -503 -502 -502 -501 -501 -501 -499 -499 -499 -498 -498 -497 -496 -495 -495 -494 -493 -493 -493 -492 -491 -490 -490 -490 -489 -489 -489 -489 -485 -485 -483 -483 -482 -482 -482 -482 -482 -481 -481 -479 -479 -479 -478 -478 -477 -477 -476 -476 -476 -475 -475 -475 -474 -474 -473 -473 -472 -472 -471 -471 -468 -467 -467 -467 -467 -466 -465 -465 -465 -464 -463 -463 -461 -460 -459 -457 -457 -457 -456 -456 -454 -454 -453 -453 -452 -452 -452 -452 -451 -450 -449 -449 -449 -447 -447 -447 -447 -447 -447 -446 -446 -445 -443 -442 -442 -442 -442 -441 -441 -440 -440 -437 -437 -436 -435 -435 -435 -434 -434 -433 -432 -431 -431 -431 -430 -429 -429 -427 -427 -427 -427 -426 -426 -425 -424 -424 -424 -423 -423 -423 -423 -423 -423 -422 -421 -421 -421 -421 -421 -421 -420 -420 -419 -419 -419 -418 -417 -417 -416 -416 -415 -415 -414 -413 -412 -412 -411 -410 -409 -409 -408 -407 -406 -405 -405 -405 -405 -405 -404 -404 -404 -403 -403 -403 -402 -402 -401 -401 -401 -400 -400 -400 -399 -398 -397 -396 -395 -395 -393 -393 -392 -392 -391 -389 -388 -387 -386 -384 -384 -383 -383 -380 -380 -379 -379 -378 -378 -377 -377 -376 -376 -376 -375 -375 -374 -374 -373 -373 -373 -371 -371 -370 -369 -368 -368 -368 -367 -367 -367 -367 -366 -365 -364 -364 -363 -363 -363 -363 -362 -362 -362 -362 -361 -360 -360 -360 -359 -358 -358 -357 -357 -356 -356 -355 -355 -355 -353 -352 -351 -351 -349 -349 -348 -347 -346 -346 -346 -343 -343 -341 -341 -341 -340 -340 -339 -339 -337 -337 -336 -334 -334 -333 -333 -333 -332 -332 -331 -330 -329 -328 -328 -327 -327 -327 -326 -326 -325 -325 -325 -325 -325 -323 -323 -323 -322 -321 -320 -319 -319 -319 -318 -318 -318 -318 -318 -316 -316 -314 -313 -312 -312 -312 -311 -311 -309 -309 -308 -307 -306 -306 -305 -305 -304 -304 -303 -303 -303 -302 -302 -302 -301 -301 -301 -301 -300 -300 -300 -299 -298 -297 -296 -296 -296 -296 -295 -295 -293 -292 -292 -292 -292 -292 -292 -291 -289 -287 -286 -286 -286 -285 -285 -284 -284 -284 -283 -283 -283 -283 -282 -282 -282 -282 -281 -281 -280 -280 -279 -279 -278 -277 -277 -276 -276 -275 -275 -275 -274 -274 -271 -271 -270 -270 -269 -269 -269 -268 -268 -268 -268 -268 -267 -267 -267 -266 -266 -266 -266 -266 -265 -264 -264 -263 -262 -261 -261 -261 -260 -260 -256 -255 -255 -254 -253 -253 -252 -252 -252 -250 -249 -248 -248 -247 -247 -247 -247 -246 -244 -244 -244 -242 -242 -241 -241 -240 -240 -240 -240 -239 -239 -238 -237 -236 -235 -235 -235 -235 -234 -234 -234 -234 -233 -233 -232 -231 -230 -230 -228 -228 -228 -228 -227 -227 -227 -226 -226 -224 -222 -222 -222 -221 -221 -221 -219 -219 -218 -218 -216 -216 -216 -216 -215 -214 -214 -213 -213 -212 -211 -210 -210 -209 -209 -208 -207 -207 -206 -205 -205 -205 -205 -203 -203 -203 -202 -201 -200 -200 -199 -198 -198 -197 -197 -196 -196 -196 -194 -194 -193 -193 -193 -192 -192 -192 -192 -192 -192 -192 -191 -191 -190 -190 -189 -188 -187 -187 -187 -187 -187 -186 -186 -185 -184 -184 -183 -183 -182 -181 -180 -180 -179 -179 -178 -178 -177 -177 -175 -174 -174 -173 -171 -171 -171 -170 -170 -169 -169 -168 -168 -167 -167 -167 -167 -167 -166 -166 -166 -165 -165 -164 -163 -163 -163 -162 -162 -160 -159 -158 -158 -156 -156 -155 -155 -154 -154 -151 -150 -149 -148 -147 -147 -146 -146 -146 -146 -141 -141 -141 -141 -140 -140 -140 -139 -139 -139 -138 -138 -138 -137 -137 -137 -137 -137 -137 -137 -137 -136 -136 -136 -136 -136 -133 -132 -132 -131 -130 -130 -127 -127 -127 -127 -127 -126 -125 -125 -125 -124 -124 -123 -121 -121 -121 -119 -119 -118 -117 -116 -116 -115 -115 -115 -115 -115 -115 -114 -114 -114 -113 -113 -109 -109 -108 -107 -106 -105 -104 -103 -103 -103 -103 -102 -102 -100 -100 -98 -98 -96 -96 -95 -94 -94 -94 -93 -91 -90 -89 -88 -87 -87 -86 -86 -84 -84 -84 -83 -82 -81 -81 -81 -80 -80 -79 -79 -79 -77 -77 -77 -76 -76 -75 -74 -74 -74 -73 -73 -72 -72 -71 -70 -70 -69 -68 -68 -67 -65 -65 -64 -63 -62 -61 -61 -61 -60 -59 -59 -59 -58 -58 -57 -57 -57 -57 -55 -55 -55 -54 -53 -52 -52 -51 -50 -50 -50 -50 -49 -48 -48 -47 -45 -45 -44 -44 -43 -42 -41 -40 -39 -39 -39 -39 -38 -37 -37 -37 -36 -35 -35 -35 -35 -35 -34 -34 -32 -31 -31 -28 -27 -27 -25 -25 -25 -24 -24 -23 -23 -23 -22 -22 -21 -21 -20 -20 -20 -18 -17 -17 -17 -17 -14 -14 -14 -14 -13 -13 -12 -12 -10 -9 -9 -9 -8 -8 -7 -6 -5 -5 -4 -4 -3 -2 -1 -1 1 2 3 4 4 5 6 6 7 8 8 9 9 9 10 11 12 13 13 13 14 14 14 15 15 15 15 16 17 19 19 22 22 22 23 23 23 24 25 25 25 26 27 28 28 28 30 30 32 32 32 33 33 34 34 35 36 37 39 40 40 40 40 41 42 43 43 43 44 44 44 45 46 46 47 47 47 47 48 49 50 51 51 52 52 52 53 53 53 54 55 55 56 57 57 59 60 61 61 62 62 63 64 64 65 65 65 65 66 67 68 68 68 69 69 69 70 70 71 71 72 72 72 74 75 75 76 76 77 78 78 78 78 79 79 79 81 82 84 85 86 87 87 87 88 88 88 88 89 90 90 90 90 91 91 92 92 92 92 93 94 94 96 96 96 97 98 98 99 99 99 99 100 100 100 100 101 102 102 102 102 102 102 103 103 103 104 104 104 105 105 106 106 107 108 109 109 109 111 111 113 114 115 115 115 115 115 116 119 120 120 120 122 122 122 123 123 123 123 125 125 125 125 126 128 128 128 129 130 130 130 130 131 132 132 132 133 133 133 134 134 136 138 138 138 139 139 140 140 140 140 140 141 141 144 145 146 147 147 147 149 149 150 150 151 151 151 152 152 153 153 153 154 154 154 155 156 156 157 157 158 160 160 160 160 161 161 161 162 163 163 163 163 164 165 166 166 166 166 167 168 168 168 168 169 169 169 170 170 172 172 172 172 172 173 174 174 174 176 177 178 179 179 179 180 180 180 181 181 181 181 182 183 184 186 187 187 188 189 189 189 189 190 190 191 191 191 191 191 192 192 192 192 193 193 193 193 194 194 195 196 199 199 200 201 201 201 202 202 202 203 204 204 205 205 205 205 205 207 207 208 211 211 211 212 212 213 213 214 215 215 215 215 217 217 217 219 219 220 220 220 221 222 222 224 224 225 226 226 227 227 228 229 230 230 231 231 232 233 233 234 234 234 234 234 235 236 237 237 237 237 237 237 238 238 238 238 240 240 241 243 243 245 246 246 247 247 247 249 249 250 250 250 251 251 251 251 252 252 253 253 254 254 254 256 256 258 258 258 260 262 262 263 263 264 264 264 265 265 265 265 266 266 267 269 270 270 270 271 271 272 272 272 273 274 274 274 275 275 275 276 277 277 277 278 278 279 279 280 280 281 281 281 281 282 282 283 283 284 284 284 286 287 288 288 289 289 289 290 290 290 291 292 292 292 293 293 295 295 295 296 297 297 297 298 298 298 298 299 300 301 302 303 303 303 305 305 306 306 307 308 308 308 309 309 310 311 311 312 312 312 313 314 314 315 315 315 316 316 316 317 317 317 317 317 318 319 320 321 321 321 322 322 322 322 323 323 324 324 326 326 327 329 330 330 330 331 331 332 333 335 335 336 337 338 338 338 338 339 339 340 340 341 342 343 344 345 346 347 347 347 347 349 350 351 351 351 354 354 354 354 356 356 356 357 358 358 358 358 358 359 360 360 361 361 362 362 362 363 363 364 364 364 365 365 365 366 366 367 367 367 367 368 368 369 369 369 370 370 370 372 372 373 373 373 373 374 374 374 375 375 376 376 378 378 378 379 379 379 379 380 380 380 380 380 381 382 382 382 383 384 385 385 385 385 386 386 387 388 389 390 392 393 393 394 394 394 394 395 395 395 395 397 398 398 398 398 398 399 399 400 400 401 403 403 404 405 406 408 408 408 409 410 411 412 412 413 414 414 414 414 415 416 417 417 417 417 418 418 418 420 420 420 421 422 422 423 423 424 425 425 426 426 426 426 426 427 428 431 431 431 432 433 434 434 435 435 437 438 438 439 439 439 439 440 440 440 441 442 442 442 443 444 444 444 446 447 448 449 450 450 450 451 452 452 453 453 454 455 456 456 456 457 458 459 459 460 461 461 463 464 464 465 466 467 467 468 468 468 468 469 469 471 471 471 472 474 475 476 476 478 479 482 482 482 482 482 484 485 485 486 487 487 488 489 489 490 490 491 492 493 493 494 494 494 495 495 497 497 497 498 498 499 501 501 503 503 505 505 505 506 507 507 507 508 508 509 509 509 509 511 

# Quick sort results for size = 1900
-512 -512 -511 -510 -510 -510 -510 -510 -510 -509 -509 -509 -508 -508 -508 -507 -507 -506 -506 -505 -505 -504 -503 -501 -501 -501 -500 -499 -499 -499 -499 -498 -498 -498 -498 -497 -497 -497 -496 -496 -494 -493 -492 -492 -492 -492 -490 -488 -488 -488 -485 -485 -485 -484 -484 -483 -483 -481 -481 -481 -480 -480 -480 -480 -480 -479 -477 -476 -475 -474 -474 -474 -473 -473 -473 -472 -471 -471 -470 -469 -469 -469 -468 -468 -467 -466 -465 -464 -464 -464 -464 -463 -462 -462 -462 -461 -461 -460 -460 -460 -459 -458 -457 -456 -455 -454 -454 -454 -453 -452 -452 -452 -452 -451 -451 -451 -450 -449 -448 -446 -446 -446 -446 -446 -445 -445 -445 -444 -444 -444 -443 -441 -439 -438 -437 -436 -435 -434 -433 -433 -433 -432 -432 -432 -432 -432 -431 -431 -431 -430 -430 -430 -429 -429 -428 -427 -427 -425 -422 -422 -421 -421 -420 -419 -418 -418 -417 -417 -416 -416 -415 -415 -414 -414 -411 -409 -409 -409 -408 -408 -407 -407 -407 -407 -407 -406 -404 -404 -404 -402 -402 -402 -402 -400 -400 -399 -399 -398 -398 -398 -397 -397 -397 -394 -394 -394 -393 -393 -392 -392 -392 -392 -391 -390 -389 -388 -388 -387 -386 -386 -386 -385 -385 -385 -385 -383 -383 -380 -380 -379 -378 -378 -378 -378 -377 -377 -376 -376 -376 -376 -376 -376 -375 -374 -374 -373 -373 -373 -372 -372 -372 -372 -369 -369 -369 -369 -369 -369 -369 -368 -368 -367 -367 -366 -366 -366 -365 -365 -364 -364 -364 -363 -362 -362 -361 -360 -360 -359 -359 -359 -358 -358 -357 -356 -356 -356 -355 -354 -353 -353 -353 -352 -351 -350 -350 -349 -348 -347 -347 -346 -346 -346 -345 -344 -344 -344 -343 -343 -342 -341 -341 -340 -340 -340 -340 -338 -337 -337 -337 -336 -336 -336 -335 -334 -334 -333 -332 -331 -330 -330 -329 -328 -328 -327 -326 -326 -326 -325 -325 -324 -323 -323 -323 -322 -322 -322 -321 -321 -321 -321 -320 -319 -318 -318 -317 -316 -316 -315 -315 -314 -314 -314 -314 -314 -314 -313 -311 -311 -311 -310 -310 -309 -309 -308 -308 -308 -307 -306 -305 -305 -302 -302 -301 -301 -300 -300 -300 -300 -300 -299 -299 -298 -298 -298 -298 -297 -296 -294 -293 -292 -291 -289 -288 -288 -288 -288 -288 -287 -286 -286 -285 -285 -285 -283 -283 -281 -280 -280 -279 -279 -278 -275 -275 -275 -274 -274 -273 -272 -271 -270 -270 -270 -269 -268 -268 -267 -267 -266 -266 -265 -265 -265 -264 -264 -263 -263 -262 -261 -261 -260 -260 -259 -259 -258 -258 -257 -257 -257 -256 -256 -256 -255 -254 -254 -252 -252 -251 -250 -250 -249 -249 -249 -247 -247 -246 -245 -245 -245 -244 -244 -243 -243 -243 -243 -242 -240 -240 -240 -240 -239 -239 -239 -238 -238 -237 -237 -235 -235 -235 -235 -233 -230 -230 -229 -228 -227 -226 -225 -225 -225 -225 -224 -224 -224 -224 -224 -224 -223 -223 -222 -221 -221 -221 -220 -219 -218 -218 -216 -214 -213 -212 -212 -212 -211 -210 -210 -209 -207 -207 -207 -206 -206 -204 -202 -201 -201 -201 -201 -200 -200 -199 -199 -199 -199 -198 -196 -196 -196 -196 -195 -195 -194 -193 -193 -193 -192 -192 -192 -191 -190 -189 -189 -188 -187 -187 -187 -186 -185 -185 -184 -184 -184 -184 -184 -183 -182 -182 -181 -181 -181 -181 -181 -181 -181 -180 -180 -179 -179 -179 -178 -177 -175 -175 -175 -175 -173 -172 -172 -171 -171 -170 -170 -169 -169 -169 -169 -169 -169 -168 -168 -168 -167 -166 -165 -165 -165 -163 -163 -162 -160 -160 -159 -159 -158 -158 -158 -158 -158 -155 -155 -152 -152 -151 -151 -151 -150 -150 -148 -148 -148 -147 -147 -147 -146 -145 -143 -143 -143 -143 -143 -142 -141 -140 -139 -138 -138 -138 -138 -136 -136 -136 -135 -135 -135 -135 -135 -134 -134 -134 -134 -133 -133 -133 -132 -131 -131 -130 -130 -130 -130 -130 -129 -129 -129 -128 -128 -128 -127 -125 -125 -125 -125 -124 -124 -123 -123 -123 -122 -120 -120 -120 -120 -118 -118 -117 -116 -116 -114 -113 -113 -113 -113 -112 -112 -112 -112 -111 -111 -110 -110 -108 -107 -107 -106 -106 -106 -104 -103 -103 -103 -102 -102 -101 -100 -100 -99 -99 -99 -98 -98 -98 -97 -97 -97 -97 -97 -96 -96 -95 -95 -94 -94 -94 -93 -93 -92 -91 -91 -90 -90 -90 -90 -90 -90 -88 -88 -88 -86 -86 -85 -84 -83 -83 -82 -82 -82 -82 -82 -81 -81 -80 -80 -79 -79 -79 -78 -78 -78 -77 -76 -76 -75 -74 -74 -74 -73 -72 -71 -70 -70 -70 -68 -68 -68 -67 -67 -66 -66 -65 -65 -65 -64 -64 -63 -63 -62 -61 -61 -61 -60 -60 -59 -59 -58 -57 -57 -57 -56 -56 -55 -55 -55 -54 -54 -52 -51 -49 -49 -48 -48 -48 -47 -47 -47 -46 -46 -46 -45 -45 -44 -44 -44 -44 -43 -43 -43 -43 -42 -41 -41 -38 -37 -35 -34 -34 -34 -33 -33 -33 -32 -32 -31 -31 -31 -31 -30 -30 -30 -29 -29 -28 -28 -28 -27 -27 -26 -26 -26 -25 -25 -25 -25 -24 -23 -23 -23 -23 -23 -23 -22 -22 -22 -22 -21 -21 -21 -20 -18 -18 -17 -17 -17 -15 -15 -14 -14 -13 -13 -12 -11 -11 -9 -9 -8 -8 -8 -8 -7 -7 -7 -7 -7 -6 -6 -6 -6 -6 -5 -5 -4 -3 -3 -2 -1 -1 0 1 1 2 4 4 4 6 6 6 8 8 8 8 8 8 9 11 12 12 14 16 16 17 18 18 18 20 20 21 22 22 22 22 22 23 23 25 25 26 26 26 26 28 29 29 30 31 31 31 32 32 32 33 34 34 35 35 36 36 36 37 38 38 39 39 40 40 40 41 41 42 42 43 43 44 44 44 44 45 46 46 47 47 48 48 48 49 50 50 51 52 52 53 53 54 54 55 56 56 56 57 57 58 58 58 59 60 60 61 62 62 63 63 63 64 64 65 65 67 67 67 68 68 68 68 69 69 72 73 74 74 75 76 76 77 77 77 78 80 81 81 81 82 82 82 82 83 83 83 85 85 86 87 87 87 87 88 88 89 90 90 90 91 91 92 92 92 93 94 94 95 95 96 97 97 98 98 99 100 100 103 104 104 105 105 106 106 107 107 107 108 109 109 109 110 111 111 112 112 113 115 115 115 115 116 116 116 117 118 118 119 119 119 119 120 120 120 121 121 121 122 124 124 124 124 124 125 125 125 125 126 127 127 128 129 130 130 130 131 131 133 135 137 137 138 138 139 140 140 141 141 143 143 143 143 143 144 144 145 146 146 146 147 147 148 148 149 149 150 151 151 152 152 152 153 153 153 155 156 156 157 157 160 160 161 161 162 162 162 162 164 164 165 165 165 166 166 166 166 167 167 168 168 168 169 169 170 170 170 171 171 172 172 172 172 173 174 174 174 175 176 176 176 176 178 178 181 181 182 182 184 185 185 187 188 189 189 189 189 189 190 191 191 191 192 193 193 193 194 194 196 196 198 199 199 199 200 200 201 201 201 202 202 202 202 202 203 204 204 204 204 204 204 206 209 209 210 211 211 213 213 214 214 215 217 217 218 218 218 220 221 222 222 222 223 225 225 225 226 226 229 229 230 230 231 231 231 231 232 233 233 233 234 235 235 235 235 236 236 236 236 237 238 238 238 239 239 239 240 240 240 240 241 241 241 242 242 243 244 245 247 247 248 248 248 249 250 251 254 255 256 257 258 258 259 259 259 259 259 261 261 261 262 262 262 264 265 265 265 266 266 267 267 267 267 268 268 269 269 270 270 271 271 273 273 273 274 274 275 275 276 276 277 277 279 282 282 283 285 285 286 286 287 288 288 288 288 289 289 289 290 290 291 291 291 291 291 291 292 293 293 294 294 294 295 295 295 295 296 297 297 297 299 299 299 300 301 304 304 305 305 306 307 308 309 309 309 310 310 310 312 314 314 315 315 316 316 316 317 318 318 319 319 320 320 320 320 321 321 321 321 322 322 323 323 324 326 326 327 327 328 328 329 330 330 330 331 331 331 332 333 334 334 334 335 335 336 336 337 337 337 338 338 339 340 340 341 342 342 343 343 343 344 345 345 345 346 346 347 347 347 347 347 347 348 348 348 349 349 350 350 351 351 352 352 352 352 352 353 353 354 355 355 357 358 358 358 359 359 359 361 363 363 364 364 364 364 364 366 366 367 367 369 369 369 371 371 372 372 372 374 374 374 375 375 376 376 376 376 377 377 377 378 378 378 379 379 379 380 380 381 381 384 384 385 386 386 386 386 386 386 386 386 387 387 387 387 389 390 390 390 392 392 392 395 395 396 397 398 398 399 399 399 399 400 401 402 402 402 402 402 403 405 407 408 408 409 409 410 410 411 411 412 412 413 413 413 413 414 415 415 416 416 418 418 418 418 419 419 419 419 420 420 421 421 421 422 423 423 423 424 424 424 424 425 425 425 425 425 427 427 427 428 428 429 429 429 429 429 430 430 430 430 430 431 432 433 433 433 434 435 436 436 437 437 439 439 439 440 441 442 446 446 446 447 447 448 448 448 449 449 449 449 450 452 452 452 453 453 454 454 456 457 458 458 458 459 460 460 460 461 462 463 463 464 464 464 464 464 464 464 465 465 465 467 468 468 468 469 469 469 470 471 471 471 472 473 473 474 474 474 474 475 475 475 476 476 476 476 478 480 480 482 482 482 482 483 483 483 484 484 484 485 485 486 486 486 487 488 488 488 488 488 489 489 489 490 491 491 491 493 494 495 495 495 496 497 497 498 498 498 499 500 501 502 502 502 504 506 507 507 507 507 508 509 510 511 511 511 512 512 512 512 512 

# Quick sort results for size = 2000
-512 -512 -512 -511 -511 -511 -510 -508 -508 -508 -508 -507 -507 -507 -507 -506 -505 -505 -502 -502 -502 -501 -501 -500 -500 -500 -498 -498 -498 -498 -498 -497 -496 -495 -495 -495 -495 -495 -495 -495 -493 -493 -492 -492 -491 -491 -490 -490 -490 -489 -489 -488 -486 -485 -485 -485 -483 -483 -483 -482 -482 -482 -481 -481 -481 -481 -481 -481 -480 -480 -477 -476 -475 -474 -473 -472 -472 -471 -471 -469 -468 -468 -466 -466 -465 -465 -464 -462 -461 -461 -461 -460 -460 -459 -458 -458 -457 -456 -453 -453 -452 -452 -451 -451 -450 -448 -444 -443 -442 -442 -441 -440 -440 -440 -439 -438 -436 -436 -436 -435 -434 -433 -433 -433 -432 -431 -431 -431 -431 -431 -430 -430 -430 -429 -427 -427 -426 -426 -425 -425 -424 -424 -424 -423 -423 -423 -423 -422 -422 -421 -420 -418 -418 -417 -416 -415 -415 -414 -414 -414 -414 -413 -412 -412 -411 -411 -410 -410 -410 -409 -407 -407 -406 -405 -405 -404 -403 -402 -401 -401 -401 -401 -399 -399 -398 -398 -398 -397 -397 -396 -396 -396 -395 -395 -395 -394 -393 -393 -392 -392 -392 -392 -392 -392 -392 -390 -390 -390 -389 -389 -389 -389 -388 -388 -387 -386 -386 -386 -385 -385 -384 -383 -383 -383 -383 -382 -382 -382 -382 -382 -381 -381 -381 -380 -380 -379 -379 -379 -378 -377 -377 -376 -375 -375 -374 -373 -373 -373 -373 -373 -373 -372 -372 -371 -369 -368 -368 -367 -367 -367 -366 -366 -365 -364 -364 -363 -363 -362 -362 -362 -362 -361 -361 -360 -360 -360 -358 -358 -358 -358 -357 -357 -357 -355 -355 -355 -354 -354 -354 -354 -354 -353 -353 -353 -353 -353 -352 -350 -349 -349 -349 -348 -348 -348 -347 -347 -347 -345 -345 -344 -343 -343 -342 -341 -341 -340 -340 -340 -339 -339 -339 -339 -339 -337 -336 -334 -334 -334 -333 -332 -332 -331 -330 -330 -330 -330 -329 -329 -328 -327 -327 -327 -324 -324 -324 -323 -322 -322 -320 -320 -320 -319 -319 -319 -318 -318 -318 -317 -317 -316 -315 -315 -314 -313 -313 -312 -312 -312 -312 -312 -312 -311 -311 -311 -311 -311 -310 -310 -309 -309 -309 -309 -309 -308 -308 -308 -308 -308 -307 -307 -307 -307 -306 -306 -305 -304 -304 -303 -303 -302 -302 -302 -301 -301 -301 -300 -300 -298 -298 -298 -298 -297 -296 -296 -296 -296 -295 -295 -295 -294 -294 -294 -293 -293 -291 -290 -288 -287 -287 -286 -286 -286 -286 -285 -284 -284 -284 -283 -283 -283 -283 -282 -281 -281 -280 -280 -278 -278 -278 -277 -277 -276 -276 -276 -276 -275 -274 -274 -274 -274 -273 -273 -273 -272 -272 -271 -271 -270 -270 -269 -268 -268 -268 -267 -267 -266 -266 -264 -263 -262 -261 -261 -260 -260 -260 -259 -259 -257 -256 -256 -256 -256 -255 -255 -255 -255 -254 -254 -254 -254 -253 -253 -253 -252 -252 -252 -252 -251 -249 -248 -247 -246 -246 -246 -244 -244 -243 -243 -241 -241 -240 -240 -239 -239 -238 -238 -238 -236 -234 -233 -233 -232 -232 -232 -232 -232 -231 -231 -230 -229 -229 -228 -228 -227 -225 -225 -225 -223 -223 -222 -222 -222 -221 -221 -221 -221 -220 -219 -218 -218 -218 -218 -217 -216 -216 -216 -215 -215 -215 -215 -214 -214 -213 -213 -212 -212 -212 -208 -207 -205 -205 -204 -203 -202 -202 -202 -201 -201 -199 -199 -199 -199 -198 -198 -198 -198 -197 -196 -195 -195 -194 -194 -193 -193 -193 -192 -192 -192 -192 -192 -191 -191 -191 -190 -190 -189 -188 -188 -188 -187 -186 -186 -186 -184 -183 -182 -182 -181 -181 -180 -179 -177 -177 -176 -175 -175 -175 -174 -174 -174 -173 -172 -172 -171 -171 -170 -170 -170 -170 -170 -169 -168 -168 -168 -168 -166 -166 -166 -166 -166 -165 -165 -164 -164 -164 -163 -163 -163 -163 -162 -162 -162 -162 -162 -161 -161 -161 -160 -159 -159 -158 -158 -158 -158 -158 -158 -158 -157 -156 -156 -156 -155 -154 -154 -154 -153 -153 -152 -152 -152 -152 -152 -151 -150 -149 -149 -147 -146 -146 -146 -145 -145 -144 -144 -144 -143 -142 -142 -141 -140 -140 -139 -139 -139 -138 -138 -138 -137 -136 -136 -135 -135 -134 -134 -133 -132 -132 -131 -131 -131 -131 -130 -130 -130 -130 -130 -130 -130 -130 -129 -129 -128 -128 -128 -127 -127 -127 -126 -126 -126 -126 -126 -125 -125 -124 -122 -122 -122 -121 -121 -121 -120 -119 -119 -118 -118 -118 -117 -116 -116 -114 -114 -114 -114 -113 -112 -111 -111 -110 -110 -109 -109 -109 -108 -108 -108 -107 -107 -107 -107 -107 -107 -106 -106 -106 -106 -105 -104 -104 -102 -101 -101 -101 -100 -99 -99 -99 -99 -98 -98 -98 -97 -97 -96 -95 -94 -94 -94 -94 -93 -93 -92 -92 -91 -91 -91 -91 -90 -89 -89 -89 -88 -86 -85 -85 -85 -85 -85 -84 -84 -84 -83 -83 -82 -82 -81 -80 -80 -79 -78 -78 -77 -77 -77 -77 -74 -74 -74 -73 -73 -73 -72 -72 -72 -71 -71 -71 -71 -70 -70 -70 -70 -70 -68 -68 -67 -66 -65 -65 -65 -65 -65 -64 -64 -63 -63 -61 -61 -60 -60 -60 -59 -59 -58 -58 -58 -57 -57 -56 -55 -55 -55 -55 -55 -53 -53 -53 -52 -52 -52 -51 -51 -51 -50 -49 -49 -48 -47 -46 -46 -46 -46 -45 -44 -43 -43 -42 -42 -41 -41 -41 -41 -41 -40 -40 -40 -40 -39 -39 -38 -38 -37 -36 -35 -34 -34 -34 -33 -33 -32 -31 -30 -30 -30 -29 -29 -28 -28 -27 -27 -26 -26 -26 -25 -24 -24 -24 -24 -23 -23 -22 -22 -22 -21 -21 -20 -20 -20 -19 -19 -18 -18 -16 -16 -15 -15 -15 -14 -14 -14 -14 -14 -13 -13 -13 -12 -12 -11 -11 -11 -11 -11 -10 -9 -9 -8 -7 -6 -5 -5 -5 -4 -4 -3 -3 -3 -1 0 0 0 0 2 3 4 4 6 6 7 7 7 9 9 9 9 10 10 11 11 11 11 14 14 15 15 15 16 16 16 16 20 20 21 22 22 22 23 24 24 24 24 26 26 27 29 30 30 31 31 32 32 32 32 33 33 33 34 35 35 36 36 36 36 36 36 37 37 38 38 39 39 39 40 40 41 42 43 43 44 44 44 45 45 45 46 46 47 48 48 48 49 49 50 50 50 52 52 53 54 54 54 55 56 56 57 57 58 59 59 59 59 59 60 60 61 63 64 64 65 66 66 66 66 66 67 67 67 69 69 69 71 72 73 73 74 75 75 77 78 78 79 79 79 79 80 80 80 81 81 81 82 83 83 83 83 84 84 84 85 85 85 86 86 86 87 87 87 87 88 88 89 90 90 90 92 93 93 93 93 94 94 94 97 97 98 99 101 101 102 102 103 103 103 104 104 105 105 107 107 107 108 108 111 111 111 111 112 113 113 113 113 114 114 116 117 118 118 118 120 121 121 122 123 123 123 124 125 126 126 126 127 127 128 128 128 129 129 130 130 130 130 130 131 131 131 132 133 133 133 134 134 135 135 136 136 136 136 138 138 138 139 140 140 142 142 142 143 146 146 147 148 148 150 150 151 151 151 152 152 152 152 152 152 153 155 155 155 155 155 156 156 156 158 158 158 161 162 162 163 164 164 164 164 165 165 166 166 166 166 167 167 168 168 168 168 170 170 170 171 171 171 171 172 175 175 175 175 176 178 178 179 179 180 180 180 180 181 182 183 183 184 184 185 186 186 186 187 188 189 189 189 191 191 191 192 192 192 192 192 193 193 193 193 193 193 194 194 194 194 196 196 196 197 197 198 198 198 199 199 199 200 200 200 200 201 201 201 203 203 204 205 205 206 207 207 207 209 209 209 210 211 211 211 212 212 212 213 214 214 216 217 218 219 219 219 220 221 221 221 221 221 222 223 223 223 224 224 224 225 225 226 227 227 228 229 230 230 231 232 234 235 236 236 236 236 237 237 237 237 238 238 239 240 241 241 242 243 243 245 245 245 246 247 247 247 247 247 247 248 248 248 248 248 249 249 249 251 251 251 251 253 253 253 254 254 255 256 258 258 259 260 261 261 261 262 263 263 263 265 265 265 265 265 266 267 267 267 267 268 269 270 270 270 271 272 272 272 273 273 274 274 275 275 276 276 276 276 277 277 277 278 279 279 279 279 280 280 280 281 281 281 281 282 283 284 285 285 285 286 287 287 288 288 289 289 289 289 290 290 291 292 292 292 293 294 294 296 296 297 297 298 298 298 299 301 301 302 302 302 303 304 305 305 306 306 307 310 310 311 311 311 311 311 312 313 313 314 314 314 314 314 314 315 315 317 317 317 320 320 320 320 321 321 322 322 322 323 324 324 325 327 328 328 328 329 330 330 331 332 333 333 333 334 335 335 336 336 336 337 338 338 338 338 339 340 341 341 341 341 342 342 342 343 345 345 346 347 347 347 348 348 349 350 350 350 351 351 351 351 352 352 352 352 352 353 354 354 355 356 356 357 358 358 359 360 360 360 361 361 362 363 364 364 364 364 365 366 366 366 367 367 367 367 368 368 369 369 369 369 370 370 372 373 373 373 373 374 375 376 376 376 378 378 379 380 380 381 382 382 383 383 383 383 384 384 384 384 386 386 387 387 387 387 389 389 390 390 390 390 391 391 393 393 393 394 394 394 394 396 396 397 398 398 400 400 402 402 403 404 405 405 405 405 406 407 407 407 407 407 408 408 409 409 411 411 413 413 413 414 415 415 415 416 417 417 418 418 419 419 420 421 422 422 422 423 424 424 426 427 427 427 427 428 428 431 431 431 433 434 434 435 435 436 437 437 439 439 440 442 442 443 443 444 444 444 445 445 447 447 447 447 448 449 449 450 450 450 450 450 450 452 452 453 453 454 454 455 455 456 456 457 457 457 458 458 460 460 460 460 462 462 462 462 463 463 463 463 463 464 465 466 467 468 468 468 469 469 469 470 470 471 471 471 471 471 472 473 475 475 475 476 476 479 479 480 481 481 481 481 481 483 483 484 484 485 485 486 486 486 487 487 487 488 488 488 489 489 489 490 490 490 491 491 492 493 493 493 494 495 496 496 497 497 498 498 499 499 500 502 502 502 504 504 506 506 508 508 508 508 509 509 509 509 509 510 510 511 511 512 512 512 

