# Selection sort results for size = 100
-511 -507 -486 -483 -482 -475 -449 -444 -439 -425 -421 -419 -413 -402 -392 -350 -318 -302 -291 -283 -280 -252 -247 -246 -210 -208 -207 -200 -198 -184 -166 -165 -164 -152 -143 -126 -112 -103 -95 -92 -29 -11 -8 -5 4 8 13 16 27 41 70 91 100 106 123 124 135 137 154 169 170 182 184 221 234 236 245 246 247 249 255 287 290 294 302 304 309 313 321 327 329 332 343 343 358 375 381 390 396 443 468 471 478 479 487 490 491 495 502 512 

# Selection sort results for size = 200
-512 -508 -493 -485 -477 -477 -471 -466 -456 -453 -452 -449 -445 -433 -431 -431 -422 -420 -419 -417 -411 -402 -398 -390 -377 -376 -375 -374 -373 -373 -371 -360 -359 -357 -353 -346 -338 -334 -328 -318 -310 -309 -309 -301 -292 -288 -286 -284 -278 -270 -267 -265 -257 -256 -251 -249 -238 -233 -224 -209 -199 -199 -164 -162 -151 -148 -143 -137 -131 -131 -125 -124 -124 -123 -120 -116 -110 -109 -100 -98 -95 -84 -83 -74 -67 -64 -59 -52 -40 -35 -33 -27 -22 -21 -17 -13 -12 -4 4 9 13 27 29 29 32 36 36 38 38 39 42 43 44 53 53 56 56 58 61 84 87 88 88 95 103 104 109 109 114 117 118 119 124 124 126 140 141 141 150 150 151 163 178 185 189 196 197 210 216 218 219 226 234 241 243 250 254 259 261 277 289 294 300 306 307 312 312 315 318 327 334 336 343 344 346 347 351 353 354 375 376 379 385 389 405 410 413 422 442 453 456 458 462 466 466 476 477 480 493 493 

# Selection sort results for size = 300
-510 -505 -495 -493 -491 -491 -487 -484 -481 -481 -479 -477 -472 -468 -464 -461 -461 -456 -454 -450 -439 -437 -436 -432 -429 -428 -428 -428 -428 -427 -425 -425 -419 -419 -413 -412 -409 -407 -404 -400 -393 -385 -385 -383 -381 -381 -378 -376 -373 -369 -365 -365 -365 -363 -359 -350 -350 -350 -348 -344 -342 -339 -337 -336 -335 -334 -329 -328 -321 -318 -318 -311 -311 -298 -297 -295 -291 -288 -279 -277 -271 -271 -271 -269 -249 -242 -237 -235 -234 -234 -234 -230 -223 -220 -218 -213 -213 -210 -210 -208 -206 -201 -200 -197 -193 -192 -191 -180 -177 -176 -166 -164 -159 -159 -158 -151 -149 -148 -141 -139 -137 -137 -134 -132 -132 -128 -127 -114 -113 -109 -104 -102 -98 -93 -86 -83 -81 -79 -76 -73 -71 -70 -69 -67 -66 -65 -62 -60 -60 -53 -52 -46 -39 -32 -29 -27 -16 -13 -1 17 25 27 28 30 36 36 36 39 53 55 55 55 61 64 70 72 78 81 82 87 88 92 98 99 118 122 123 123 125 127 130 142 146 149 149 159 163 165 167 171 176 177 177 181 185 189 191 193 194 199 200 202 208 208 210 213 219 223 225 227 229 239 239 241 244 244 253 256 258 263 270 274 278 289 296 300 302 302 302 305 306 311 312 316 317 318 322 323 328 329 332 335 337 354 359 359 363 365 367 368 368 371 380 382 384 385 386 389 393 394 396 397 397 402 410 415 420 424 425 438 447 457 459 460 461 461 461 469 478 479 481 486 492 493 494 498 501 509 510 512 

# Selection sort results for size = 400
-509 -506 -500 -498 -493 -493 -491 -491 -489 -486 -485 -483 -481 -479 -476 -475 -474 -463 -462 -461 -459 -457 -451 -451 -442 -442 -433 -431 -424 -422 -418 -412 -405 -404 -404 -398 -395 -389 -385 -382 -381 -378 -374 -372 -371 -368 -368 -365 -362 -358 -355 -351 -351 -350 -347 -346 -345 -345 -338 -334 -334 -333 -333 -332 -330 -328 -326 -324 -320 -320 -320 -318 -316 -314 -313 -312 -308 -307 -306 -306 -305 -305 -304 -304 -304 -300 -296 -290 -289 -287 -284 -284 -283 -281 -275 -273 -273 -266 -258 -256 -254 -251 -251 -247 -246 -242 -241 -233 -227 -225 -224 -217 -215 -208 -207 -204 -204 -201 -201 -199 -198 -197 -193 -193 -187 -186 -184 -178 -177 -173 -171 -171 -169 -163 -158 -155 -153 -149 -146 -145 -140 -139 -139 -133 -132 -126 -120 -115 -111 -110 -108 -106 -104 -103 -102 -101 -98 -98 -96 -94 -93 -92 -89 -86 -85 -85 -84 -83 -81 -79 -72 -68 -65 -64 -64 -63 -61 -60 -54 -50 -50 -47 -43 -42 -37 -35 -35 -34 -29 -28 -21 -20 -17 -16 -15 -15 -5 -4 -2 -2 2 2 5 7 9 10 10 13 14 19 19 20 27 28 38 40 43 43 46 47 48 52 52 53 54 55 55 57 65 73 79 83 84 84 86 87 90 92 105 120 121 121 122 122 127 129 130 134 134 135 135 137 142 143 144 147 150 154 154 162 163 163 165 172 177 181 182 183 184 187 193 193 198 199 201 202 203 205 205 205 214 214 221 223 227 230 231 235 236 242 244 245 249 249 250 255 260 265 265 274 276 279 279 281 282 288 291 295 296 296 298 301 302 302 303 304 307 309 309 310 317 318 318 319 320 322 322 322 325 328 329 330 330 335 336 336 342 343 345 348 357 362 369 370 371 374 374 374 380 380 380 383 383 393 393 394 394 397 397 399 402 406 407 410 412 413 418 421 423 429 432 432 432 433 435 439 444 444 447 449 454 457 460 462 464 465 470 472 475 477 485 488 489 489 491 494 501 505 508 510 

# Selection sort results for size = 500
-509 -507 -507 -504 -504 -502 -499 -498 -497 -495 -491 -491 -490 -488 -487 -487 -484 -481 -476 -475 -474 -473 -470 -469 -467 -466 -466 -466 -460 -458 -457 -456 -455 -454 -449 -448 -447 -445 -444 -444 -442 -440 -438 -434 -424 -424 -421 -420 -419 -418 -416 -416 -414 -412 -409 -402 -398 -396 -396 -392 -391 -390 -382 -382 -380 -378 -376 -374 -371 -370 -366 -366 -366 -365 -364 -361 -360 -356 -354 -349 -346 -345 -344 -344 -343 -341 -339 -337 -335 -334 -334 -332 -328 -324 -319 -318 -314 -314 -312 -312 -310 -309 -308 -306 -306 -305 -304 -303 -302 -299 -297 -296 -296 -290 -288 -283 -282 -281 -278 -273 -272 -265 -257 -254 -254 -253 -249 -248 -247 -245 -245 -244 -239 -239 -237 -235 -235 -235 -233 -231 -230 -229 -226 -224 -223 -218 -217 -213 -212 -212 -208 -207 -197 -197 -196 -193 -192 -191 -191 -190 -190 -190 -189 -188 -186 -181 -177 -177 -177 -176 -174 -172 -171 -166 -162 -162 -158 -158 -156 -155 -150 -150 -149 -145 -143 -141 -140 -137 -133 -133 -131 -131 -128 -122 -120 -117 -117 -116 -109 -108 -102 -100 -100 -100 -97 -89 -85 -70 -69 -68 -67 -66 -66 -55 -53 -52 -49 -49 -43 -40 -39 -35 -32 -27 -25 -24 -19 -12 -10 -10 -6 -5 -4 -2 1 8 10 11 12 12 13 14 14 15 16 21 25 26 26 31 32 32 32 33 33 36 36 38 40 41 41 42 43 43 43 45 45 45 50 50 52 54 54 59 59 60 62 64 64 68 69 71 71 74 78 79 79 79 80 80 80 82 83 84 88 90 99 99 100 100 101 102 107 111 112 114 115 121 121 122 125 127 130 134 135 136 137 138 141 141 143 145 145 148 151 151 153 154 156 160 160 162 164 167 167 173 174 175 175 177 177 177 184 184 186 187 197 198 198 199 206 207 212 213 213 213 216 217 217 218 218 219 221 222 222 224 227 229 233 236 239 239 243 244 244 246 248 253 255 255 258 258 260 260 260 261 261 262 264 265 267 267 268 269 272 273 273 274 277 278 280 283 284 289 292 293 295 297 299 300 302 303 303 303 310 313 316 318 322 325 326 328 328 328 335 337 339 341 343 344 344 345 345 347 347 348 349 352 352 361 362 371 372 373 377 378 380 383 389 389 390 390 391 395 397 401 402 404 406 407 410 412 415 424 424 435 436 437 437 438 440 445 445 446 449 456 457 457 459 461 465 470 470 471 472 475 476 478 479 482 489 492 492 493 493 495 496 500 510 512 

# Selection sort results for size = 600
-512 -511 -511 -510 -509 -506 -505 -504 -503 -502 -502 -496 -495 -493 -485 -485 -483 -482 -481 -481 -479 -478 -478 -477 -477 -476 -476 -476 -475 -473 -471 -469 -469 -466 -466 -465 -465 -465 -462 -459 -459 -458 -457 -457 -455 -451 -451 -449 -447 -447 -445 -445 -444 -432 -432 -429 -427 -427 -427 -427 -421 -421 -420 -419 -419 -417 -417 -416 -416 -416 -416 -416 -414 -413 -412 -412 -410 -404 -401 -401 -400 -398 -397 -393 -393 -392 -390 -389 -382 -381 -380 -379 -376 -375 -371 -369 -369 -367 -365 -365 -363 -361 -345 -341 -341 -340 -333 -332 -328 -327 -324 -323 -322 -322 -320 -319 -319 -317 -315 -314 -313 -311 -310 -303 -302 -301 -299 -296 -296 -295 -295 -292 -292 -291 -291 -289 -287 -286 -285 -281 -280 -279 -278 -273 -272 -270 -266 -265 -264 -263 -262 -260 -259 -257 -254 -252 -249 -248 -247 -246 -245 -243 -243 -242 -240 -235 -234 -233 -232 -232 -229 -226 -225 -225 -224 -222 -221 -221 -221 -219 -219 -217 -215 -215 -213 -212 -209 -208 -204 -203 -202 -201 -200 -198 -197 -196 -196 -192 -190 -190 -189 -186 -184 -182 -178 -177 -176 -176 -174 -173 -173 -171 -171 -170 -167 -167 -164 -161 -160 -158 -157 -154 -154 -154 -153 -152 -149 -149 -148 -144 -141 -140 -140 -139 -138 -138 -137 -135 -134 -133 -133 -133 -132 -130 -129 -128 -123 -120 -117 -116 -114 -110 -102 -101 -100 -100 -97 -95 -94 -93 -91 -88 -86 -84 -83 -81 -78 -77 -77 -76 -72 -71 -67 -67 -66 -66 -65 -64 -63 -63 -62 -60 -59 -59 -56 -54 -53 -49 -44 -42 -40 -39 -39 -38 -37 -36 -34 -33 -32 -27 -27 -26 -25 -23 -22 -19 -17 -16 -14 -14 -12 -11 0 1 2 4 5 5 9 11 13 14 15 19 22 23 23 23 24 25 25 27 28 29 31 32 33 33 35 39 40 43 44 46 48 50 52 53 54 54 54 55 55 56 59 60 63 65 65 66 66 71 72 73 75 77 78 81 84 84 86 87 90 91 91 93 95 102 102 102 105 117 123 124 125 125 126 127 129 131 131 133 133 136 138 143 154 157 158 158 159 162 162 162 168 168 168 171 176 176 177 180 183 184 185 186 187 188 189 189 189 191 191 192 193 197 202 205 206 206 207 208 208 208 210 212 212 213 221 221 222 225 225 226 226 227 229 230 232 234 234 237 237 239 241 241 241 246 249 251 251 252 252 252 252 254 257 257 258 258 260 261 262 262 263 264 266 266 267 268 273 274 275 277 279 281 284 284 285 288 289 293 293 294 295 298 298 300 307 311 313 313 313 316 318 320 321 323 323 323 326 329 337 338 339 339 341 341 342 345 350 352 355 356 357 357 358 364 364 370 372 374 375 378 380 382 383 383 386 392 393 394 396 396 399 401 406 408 409 411 411 413 414 415 415 417 421 421 425 429 436 436 438 439 440 445 449 455 456 456 459 460 461 462 466 466 466 469 470 471 476 477 486 489 489 491 493 495 495 496 497 498 498 501 501 502 503 507 508 509 

# Selection sort results for size = 700
-511 -511 -510 -507 -503 -503 -501 -500 -500 -497 -496 -496 -495 -494 -494 -494 -493 -491 -486 -485 -484 -479 -479 -476 -476 -476 -474 -473 -473 -469 -469 -468 -464 -463 -459 -455 -454 -450 -450 -450 -449 -446 -446 -445 -444 -441 -439 -438 -438 -438 -438 -437 -437 -436 -432 -429 -428 -427 -427 -426 -425 -425 -425 -423 -422 -422 -422 -421 -420 -418 -417 -416 -415 -413 -413 -411 -410 -407 -406 -405 -404 -402 -401 -397 -390 -389 -388 -388 -388 -384 -384 -381 -380 -380 -379 -379 -374 -374 -374 -371 -369 -363 -363 -360 -355 -354 -353 -352 -349 -349 -348 -347 -346 -346 -345 -343 -343 -343 -342 -341 -337 -337 -335 -335 -334 -333 -332 -330 -329 -328 -328 -327 -326 -325 -324 -323 -323 -317 -315 -315 -315 -314 -314 -312 -310 -307 -305 -305 -304 -304 -303 -303 -301 -300 -300 -299 -299 -298 -297 -296 -294 -293 -292 -290 -289 -288 -288 -287 -285 -284 -284 -283 -281 -280 -279 -278 -277 -275 -272 -269 -268 -267 -267 -266 -265 -265 -263 -261 -261 -259 -258 -257 -254 -252 -252 -251 -250 -250 -250 -244 -242 -242 -240 -239 -236 -234 -234 -234 -234 -234 -233 -233 -231 -226 -225 -221 -220 -220 -219 -216 -214 -214 -214 -212 -212 -211 -210 -209 -208 -208 -207 -205 -202 -202 -201 -200 -199 -197 -195 -194 -194 -193 -192 -190 -188 -186 -185 -181 -179 -179 -178 -176 -175 -173 -173 -171 -170 -169 -167 -167 -164 -161 -157 -153 -152 -151 -148 -148 -148 -145 -142 -140 -140 -138 -135 -134 -134 -133 -133 -132 -130 -127 -126 -125 -122 -119 -119 -117 -116 -116 -116 -111 -109 -108 -108 -108 -107 -107 -101 -97 -96 -95 -95 -90 -87 -85 -84 -83 -77 -77 -76 -76 -73 -70 -69 -67 -65 -64 -62 -62 -59 -58 -58 -58 -55 -53 -52 -52 -49 -47 -46 -46 -45 -45 -44 -40 -36 -36 -35 -34 -34 -30 -29 -29 -27 -27 -27 -26 -26 -24 -22 -22 -20 -20 -19 -15 -13 -12 -11 -8 -5 -5 -4 -4 -1 -1 -1 2 4 7 8 12 12 13 17 20 21 27 28 28 35 38 42 46 46 47 49 50 50 53 54 54 54 57 59 61 62 63 64 67 68 68 68 69 70 71 75 76 76 76 78 78 78 78 81 82 83 83 85 85 86 88 89 91 93 94 95 96 99 99 100 100 103 119 122 125 126 129 132 132 134 136 137 140 140 142 142 144 145 149 150 150 150 151 154 155 158 159 160 161 166 170 171 171 174 175 176 176 177 179 181 181 184 188 190 191 191 193 198 199 199 199 200 204 204 205 207 208 211 213 215 217 218 218 219 220 220 225 225 226 229 229 229 230 231 234 234 234 234 236 237 238 239 240 242 244 245 247 247 247 248 250 251 252 257 260 263 264 266 270 270 271 273 274 275 275 276 276 277 277 281 282 282 283 285 288 289 289 292 292 294 294 298 300 302 302 302 303 304 310 312 314 316 317 318 319 319 320 320 321 323 324 325 326 326 328 332 333 334 335 336 340 342 342 344 344 345 346 346 347 351 352 353 356 357 358 359 359 360 361 361 364 364 365 366 367 368 368 376 378 379 382 384 385 385 389 392 392 396 396 396 397 397 398 398 399 404 404 405 405 406 408 410 410 411 417 417 419 421 422 424 427 428 428 431 433 434 434 438 440 440 441 441 442 442 443 444 448 449 450 451 455 455 456 458 459 461 464 465 466 466 466 467 471 472 473 473 476 477 480 482 483 484 485 486 489 490 493 495 498 499 501 502 505 506 506 509 510 511 511 

# Selection sort results for size = 800
-512 -512 -509 -508 -508 -507 -506 -506 -504 -504 -504 -503 -501 -500 -500 -499 -498 -496 -495 -492 -492 -489 -485 -484 -484 -481 -481 -480 -477 -475 -468 -467 -463 -463 -461 -459 -456 -455 -455 -455 -455 -454 -454 -452 -451 -450 -449 -449 -444 -443 -443 -439 -439 -438 -436 -436 -434 -434 -434 -433 -430 -430 -425 -423 -423 -422 -421 -421 -421 -417 -416 -414 -414 -412 -411 -410 -408 -406 -406 -404 -404 -404 -403 -403 -402 -402 -401 -400 -399 -398 -395 -394 -390 -390 -387 -387 -386 -386 -386 -385 -384 -383 -383 -381 -381 -380 -379 -375 -373 -372 -372 -368 -364 -359 -357 -356 -356 -354 -353 -353 -352 -352 -349 -349 -349 -348 -348 -348 -347 -346 -345 -343 -340 -339 -338 -338 -337 -337 -335 -333 -332 -331 -331 -330 -329 -325 -322 -321 -320 -316 -315 -312 -310 -309 -307 -307 -307 -305 -305 -304 -302 -301 -300 -299 -298 -293 -291 -290 -290 -288 -287 -287 -287 -287 -287 -282 -281 -279 -277 -277 -276 -275 -274 -274 -273 -272 -271 -271 -270 -270 -266 -266 -265 -263 -262 -260 -253 -252 -252 -251 -249 -244 -244 -242 -240 -238 -238 -238 -237 -237 -236 -235 -233 -231 -229 -227 -227 -227 -225 -224 -223 -222 -217 -217 -217 -215 -215 -215 -214 -214 -213 -212 -212 -211 -210 -210 -209 -209 -205 -205 -204 -203 -203 -201 -197 -196 -196 -195 -195 -192 -192 -188 -188 -186 -185 -182 -182 -179 -178 -178 -178 -177 -176 -175 -174 -173 -172 -172 -172 -171 -168 -167 -167 -165 -163 -163 -160 -160 -159 -156 -153 -152 -149 -148 -148 -148 -148 -147 -147 -141 -141 -137 -137 -137 -135 -135 -133 -132 -132 -128 -127 -121 -121 -121 -120 -119 -117 -117 -116 -115 -113 -112 -110 -108 -108 -106 -104 -101 -100 -97 -95 -94 -92 -92 -92 -91 -90 -89 -89 -88 -88 -86 -86 -81 -80 -79 -77 -77 -76 -75 -73 -73 -73 -73 -73 -72 -72 -70 -66 -65 -59 -59 -58 -58 -57 -57 -57 -56 -53 -53 -52 -52 -50 -48 -46 -44 -42 -42 -40 -34 -34 -32 -30 -30 -29 -28 -27 -26 -25 -24 -20 -19 -17 -15 -12 -10 -7 -4 -3 -1 3 4 5 5 6 8 8 9 15 16 16 18 18 19 21 23 23 28 28 31 31 32 33 34 36 36 37 39 39 41 44 44 45 47 47 48 51 53 53 54 54 54 55 59 62 64 64 65 69 69 71 72 72 73 73 74 75 77 78 78 78 79 79 80 81 82 82 84 86 88 89 91 91 92 92 96 96 96 96 98 98 98 101 102 105 106 107 108 109 109 110 112 113 113 115 116 117 119 120 120 122 124 131 131 132 133 137 138 138 139 139 142 145 148 148 149 154 157 157 160 161 162 163 165 166 167 167 169 171 171 173 173 173 173 175 175 178 179 180 181 182 183 183 186 188 190 191 193 195 196 196 196 197 197 200 200 200 207 208 208 210 211 211 214 216 219 221 223 223 225 228 229 230 231 234 235 236 237 237 239 239 242 243 244 245 249 251 251 252 252 253 253 255 255 256 257 258 259 263 263 263 264 264 265 265 265 268 269 269 269 270 272 274 274 275 276 277 278 279 279 279 281 281 283 283 286 287 289 290 291 291 295 296 297 297 297 298 298 299 301 305 305 306 306 308 308 310 312 314 316 316 320 320 321 323 324 324 325 325 326 328 329 329 330 334 334 335 335 335 335 337 337 337 338 340 340 340 340 342 342 343 343 345 346 346 347 347 347 347 347 348 350 352 354 355 357 358 361 362 364 367 368 369 371 373 374 376 382 386 386 387 387 389 389 390 391 392 392 396 401 402 404 404 406 407 407 410 410 410 411 411 416 416 420 421 421 423 424 425 425 426 426 428 428 429 430 430 431 432 432 433 434 435 436 438 447 447 448 449 451 451 453 453 454 455 455 457 457 458 458 459 459 461 462 465 467 467 469 471 472 475 478 479 480 481 482 484 486 486 487 488 489 489 490 491 491 492 494 494 494 498 499 499 500 501 502 504 504 507 510 

# Selection sort results for size = 900
-511 -511 -511 -510 -508 -507 -507 -506 -506 -505 -504 -502 -501 -499 -498 -498 -496 -493 -492 -491 -490 -488 -487 -485 -484 -483 -483 -483 -483 -481 -481 -481 -479 -479 -478 -477 -477 -475 -474 -473 -473 -472 -467 -466 -465 -462 -462 -460 -458 -456 -455 -454 -454 -453 -452 -452 -451 -451 -448 -446 -446 -444 -444 -444 -443 -441 -439 -437 -436 -436 -434 -432 -431 -430 -427 -426 -426 -424 -423 -422 -422 -421 -420 -419 -419 -418 -417 -417 -417 -414 -414 -412 -412 -408 -407 -406 -405 -400 -400 -396 -396 -396 -394 -394 -391 -390 -385 -385 -383 -383 -381 -379 -377 -376 -376 -371 -370 -367 -365 -363 -362 -359 -358 -358 -358 -356 -356 -353 -353 -352 -350 -350 -350 -349 -349 -348 -346 -346 -346 -344 -344 -343 -343 -342 -342 -340 -338 -337 -336 -336 -334 -333 -331 -329 -329 -328 -328 -328 -327 -327 -326 -325 -325 -324 -324 -323 -322 -322 -320 -320 -318 -318 -317 -316 -316 -315 -315 -313 -312 -311 -310 -308 -307 -306 -305 -303 -303 -301 -300 -297 -294 -293 -291 -291 -289 -285 -285 -282 -282 -281 -281 -279 -278 -277 -276 -276 -275 -275 -274 -273 -273 -272 -270 -269 -269 -269 -268 -267 -266 -265 -264 -262 -261 -261 -260 -259 -256 -254 -253 -253 -247 -246 -244 -244 -243 -243 -242 -239 -236 -236 -235 -234 -233 -233 -228 -225 -225 -223 -222 -222 -219 -219 -219 -217 -216 -215 -213 -211 -208 -208 -207 -206 -206 -204 -204 -198 -197 -195 -195 -194 -193 -193 -192 -191 -191 -189 -185 -184 -183 -183 -182 -182 -181 -181 -180 -180 -178 -173 -173 -172 -171 -170 -169 -167 -166 -165 -164 -164 -162 -162 -161 -160 -159 -157 -157 -156 -156 -151 -151 -150 -149 -149 -149 -144 -139 -136 -135 -135 -135 -135 -135 -133 -132 -129 -129 -128 -127 -126 -126 -123 -123 -123 -120 -120 -119 -119 -118 -116 -116 -113 -107 -107 -106 -104 -104 -103 -102 -100 -100 -99 -97 -97 -96 -96 -93 -93 -92 -91 -88 -85 -85 -83 -83 -82 -80 -79 -75 -75 -73 -73 -72 -68 -67 -67 -65 -65 -64 -63 -62 -61 -59 -58 -58 -55 -54 -54 -54 -53 -53 -53 -51 -50 -48 -48 -47 -46 -46 -46 -45 -45 -45 -44 -42 -41 -41 -41 -40 -38 -37 -35 -34 -32 -31 -30 -30 -29 -28 -27 -27 -27 -26 -22 -22 -21 -21 -20 -20 -19 -18 -16 -15 -15 -14 -12 -12 -10 -10 -10 -9 -6 -6 -6 -5 -2 -2 -2 -2 -1 -1 0 2 4 6 10 11 12 12 13 13 13 16 22 24 24 26 28 32 33 34 34 34 37 37 38 38 39 40 40 42 42 43 44 45 45 45 47 47 49 52 53 53 54 54 55 55 55 56 56 57 57 59 59 60 61 61 62 63 66 66 67 70 70 71 71 73 74 74 75 76 76 77 77 78 79 80 80 80 80 81 81 82 86 86 86 87 88 88 89 89 91 93 93 94 94 95 95 95 95 96 96 97 97 97 98 98 98 98 99 100 102 102 104 106 108 109 111 113 113 113 114 115 115 116 117 119 119 119 120 122 125 125 126 126 126 127 127 129 130 131 133 133 135 136 136 137 139 139 140 141 141 144 151 151 152 152 155 155 155 155 157 158 160 160 160 164 166 166 167 168 168 168 169 169 169 172 172 174 179 181 183 183 183 184 186 187 191 191 192 199 201 202 202 206 206 207 209 210 211 211 213 213 213 215 215 216 217 218 223 224 225 225 225 225 225 226 226 228 230 231 236 237 240 242 243 243 244 245 245 245 249 250 250 251 253 255 255 256 256 257 257 258 258 259 261 263 266 267 268 268 270 271 274 279 281 281 282 286 288 289 290 291 293 294 303 305 308 309 312 313 313 313 315 317 317 319 319 324 325 326 326 327 327 328 328 328 329 330 331 333 335 336 336 336 336 339 340 340 340 341 341 343 343 344 345 345 345 345 345 346 347 347 347 348 350 351 353 354 356 356 359 360 360 361 363 364 365 366 367 367 367 370 370 371 373 374 376 377 377 378 378 378 379 380 382 383 383 384 385 385 388 390 390 392 392 393 394 394 394 397 398 398 399 400 400 400 402 404 408 409 409 410 410 411 416 417 419 420 420 423 424 426 426 428 432 433 433 434 434 434 438 440 440 441 441 441 441 442 444 445 445 445 450 452 452 452 453 454 455 456 456 458 464 465 468 469 469 470 471 472 473 477 477 477 477 478 480 481 484 485 487 487 491 491 492 492 494 494 495 497 498 502 502 502 504 504 505 505 506 508 511 

# Selection sort results for size = 1000
-510 -507 -506 -505 -504 -504 -503 -503 -502 -502 -497 -497 -497 -492 -491 -491 -490 -487 -487 -487 -485 -485 -485 -485 -484 -483 -481 -479 -478 -478 -477 -475 -473 -472 -472 -472 -471 -471 -471 -471 -468 -466 -466 -465 -463 -462 -462 -462 -461 -461 -460 -459 -459 -458 -458 -457 -457 -457 -457 -456 -455 -454 -453 -453 -452 -451 -450 -448 -448 -448 -446 -446 -444 -442 -442 -441 -438 -436 -436 -434 -433 -433 -433 -432 -432 -430 -430 -429 -429 -427 -426 -426 -423 -423 -421 -419 -419 -415 -414 -414 -413 -413 -412 -407 -407 -407 -406 -406 -405 -405 -402 -401 -401 -398 -396 -391 -391 -390 -387 -385 -385 -381 -380 -379 -379 -377 -375 -375 -374 -372 -371 -371 -371 -364 -364 -364 -363 -362 -362 -361 -361 -361 -361 -359 -359 -357 -349 -348 -348 -345 -345 -343 -342 -341 -341 -340 -340 -340 -340 -337 -336 -336 -335 -332 -330 -329 -327 -326 -324 -324 -324 -323 -323 -322 -322 -321 -320 -320 -320 -319 -317 -317 -316 -316 -315 -315 -314 -313 -312 -312 -311 -311 -310 -308 -308 -308 -306 -304 -304 -304 -303 -302 -299 -298 -297 -295 -294 -293 -291 -290 -290 -289 -287 -286 -286 -284 -284 -283 -283 -281 -280 -280 -278 -277 -275 -272 -272 -271 -271 -270 -269 -268 -267 -266 -266 -266 -265 -265 -263 -260 -260 -260 -259 -259 -258 -257 -256 -256 -256 -254 -253 -252 -251 -248 -248 -246 -246 -242 -241 -241 -240 -240 -238 -238 -235 -233 -232 -231 -230 -230 -230 -227 -223 -220 -219 -219 -218 -218 -217 -217 -214 -213 -213 -213 -213 -212 -212 -211 -211 -210 -209 -209 -208 -208 -207 -207 -207 -207 -206 -206 -205 -205 -204 -204 -204 -200 -199 -198 -197 -197 -195 -194 -194 -194 -193 -192 -192 -190 -189 -189 -189 -189 -188 -187 -185 -185 -181 -179 -179 -179 -176 -175 -171 -167 -167 -167 -166 -166 -165 -164 -164 -164 -164 -163 -162 -162 -161 -160 -154 -154 -151 -148 -146 -145 -144 -144 -142 -142 -139 -139 -138 -138 -138 -136 -135 -134 -134 -132 -131 -131 -131 -130 -128 -128 -124 -123 -121 -121 -121 -121 -119 -118 -118 -117 -116 -115 -115 -114 -114 -111 -111 -110 -110 -109 -108 -108 -107 -106 -106 -105 -102 -102 -101 -100 -100 -100 -98 -97 -95 -94 -94 -93 -92 -92 -92 -90 -89 -89 -85 -84 -83 -82 -82 -82 -82 -82 -81 -81 -78 -75 -73 -72 -72 -70 -70 -70 -69 -67 -66 -66 -65 -65 -64 -64 -64 -64 -63 -61 -61 -57 -55 -54 -54 -54 -54 -53 -53 -53 -53 -51 -51 -50 -49 -49 -49 -48 -48 -47 -47 -46 -45 -41 -41 -40 -40 -40 -39 -39 -37 -34 -33 -32 -32 -31 -30 -29 -29 -29 -28 -27 -27 -27 -26 -26 -23 -22 -22 -21 -20 -20 -19 -17 -16 -16 -15 -15 -14 -12 -11 -11 -10 -7 -7 -7 -6 -6 -4 -1 2 3 6 10 11 12 12 12 14 14 14 16 16 17 17 18 20 20 20 22 22 22 23 23 24 25 25 26 27 31 31 33 33 34 35 37 38 40 41 45 49 50 52 54 56 57 57 58 58 59 60 60 62 62 63 63 63 64 65 66 67 67 70 70 72 72 72 74 75 75 75 75 76 76 76 77 78 78 79 79 79 81 82 82 83 84 85 86 88 90 95 99 105 105 105 105 106 107 108 110 111 113 114 114 118 124 124 125 125 125 126 126 126 127 128 128 128 129 129 129 129 129 130 131 131 131 133 134 135 136 136 139 140 141 142 143 144 144 144 145 146 147 149 149 149 150 150 150 151 152 152 154 154 154 154 155 155 158 160 161 162 162 164 164 165 167 170 170 170 170 171 171 171 171 173 173 174 176 176 176 176 178 178 179 182 186 188 190 193 194 196 197 198 202 204 204 206 207 208 208 208 209 211 211 212 213 214 214 214 216 218 219 220 221 221 223 224 225 225 227 230 231 231 231 232 233 233 235 235 236 237 240 242 243 249 250 250 253 253 254 257 257 258 259 261 265 266 271 271 272 272 273 274 274 275 275 278 279 279 283 283 285 286 286 287 287 288 289 291 292 293 293 295 295 295 295 296 297 297 299 300 300 301 301 301 302 302 305 305 309 309 309 310 311 312 314 314 314 315 316 318 318 320 321 321 323 324 324 324 325 325 325 327 327 330 333 334 335 335 336 336 337 338 338 338 339 340 341 342 345 346 346 346 346 347 348 348 350 351 351 353 353 354 356 357 361 364 367 367 368 368 368 368 371 371 372 374 377 378 378 380 384 385 386 388 388 392 392 394 394 396 396 396 397 398 400 401 401 402 405 405 406 407 409 409 410 411 412 414 414 415 415 417 417 417 418 423 423 425 426 426 427 429 430 431 434 436 438 439 440 441 442 443 443 446 447 449 450 451 453 455 455 457 457 457 459 460 461 461 461 462 462 462 463 465 466 467 467 468 470 471 473 474 475 476 477 479 481 482 482 482 485 487 489 491 492 495 495 496 496 496 497 498 499 499 500 500 500 501 502 503 503 504 506 506 507 507 507 509 509 511 511 

# Selection sort results for size = 1100
-511 -509 -509 -508 -506 -506 -505 -505 -505 -504 -504 -503 -503 -503 -502 -502 -502 -502 -502 -500 -500 -499 -497 -497 -497 -496 -496 -496 -495 -494 -491 -491 -491 -491 -490 -489 -488 -487 -487 -483 -483 -482 -482 -480 -480 -479 -478 -478 -477 -476 -475 -473 -473 -472 -471 -471 -469 -467 -465 -465 -464 -464 -463 -463 -462 -462 -462 -458 -458 -458 -451 -451 -450 -449 -449 -449 -448 -446 -443 -443 -442 -442 -441 -441 -441 -440 -439 -439 -437 -436 -436 -434 -433 -432 -431 -431 -430 -428 -427 -425 -425 -422 -420 -418 -414 -414 -413 -412 -411 -408 -408 -408 -408 -407 -405 -404 -402 -401 -400 -398 -398 -397 -395 -395 -394 -394 -393 -393 -392 -391 -390 -390 -390 -389 -389 -389 -389 -388 -388 -385 -385 -384 -383 -383 -382 -379 -378 -378 -378 -378 -378 -376 -375 -375 -374 -374 -369 -369 -368 -368 -367 -366 -365 -364 -364 -364 -361 -360 -359 -359 -358 -358 -356 -355 -355 -354 -353 -352 -350 -350 -349 -349 -342 -342 -341 -341 -340 -340 -340 -340 -339 -339 -339 -338 -338 -338 -336 -335 -334 -334 -334 -331 -331 -330 -329 -328 -328 -326 -326 -325 -324 -321 -321 -320 -319 -319 -318 -318 -318 -318 -317 -317 -316 -315 -314 -314 -313 -312 -312 -312 -312 -311 -311 -311 -311 -310 -310 -308 -306 -306 -305 -304 -304 -303 -302 -302 -299 -298 -297 -297 -297 -297 -296 -295 -294 -293 -293 -292 -292 -290 -288 -288 -288 -288 -285 -284 -284 -279 -279 -279 -279 -278 -278 -276 -275 -273 -273 -271 -271 -271 -269 -269 -268 -267 -266 -265 -265 -265 -263 -262 -261 -260 -260 -260 -258 -258 -258 -256 -254 -252 -251 -246 -246 -245 -244 -242 -241 -241 -239 -239 -238 -237 -237 -235 -234 -233 -232 -231 -231 -230 -229 -228 -225 -225 -223 -223 -222 -219 -219 -218 -216 -214 -213 -212 -210 -210 -210 -209 -209 -209 -207 -207 -206 -205 -200 -199 -199 -198 -197 -197 -197 -197 -196 -195 -194 -193 -192 -190 -189 -187 -186 -185 -185 -184 -183 -183 -182 -181 -181 -178 -175 -174 -174 -172 -172 -171 -169 -167 -166 -166 -164 -163 -163 -163 -162 -162 -161 -160 -159 -157 -156 -156 -154 -153 -153 -152 -150 -149 -149 -148 -147 -147 -147 -146 -145 -143 -140 -140 -140 -139 -137 -137 -135 -135 -134 -133 -132 -132 -131 -131 -129 -129 -127 -126 -124 -124 -124 -124 -121 -120 -118 -118 -116 -114 -113 -111 -111 -111 -111 -111 -110 -110 -110 -109 -109 -109 -107 -107 -105 -104 -104 -104 -102 -101 -101 -100 -100 -100 -96 -95 -95 -95 -95 -94 -94 -93 -92 -92 -91 -90 -90 -90 -89 -88 -87 -83 -81 -79 -78 -76 -75 -71 -70 -68 -68 -64 -64 -63 -62 -62 -62 -60 -59 -58 -58 -57 -57 -57 -56 -55 -55 -53 -52 -52 -52 -52 -51 -50 -49 -49 -46 -45 -45 -44 -44 -44 -43 -42 -42 -42 -41 -40 -40 -38 -37 -37 -37 -36 -36 -35 -33 -30 -30 -30 -30 -28 -27 -27 -27 -27 -25 -25 -22 -21 -21 -19 -19 -18 -15 -15 -14 -12 -11 -10 -10 -9 -9 -8 -8 -8 -8 -7 -6 -6 -4 -4 -3 -3 -3 -3 -1 0 1 1 1 2 5 5 6 9 11 11 12 12 14 15 16 17 17 17 18 18 18 19 21 21 22 24 27 27 31 32 32 32 33 33 33 33 33 33 34 36 36 37 37 38 41 42 44 45 49 50 52 54 54 55 57 58 58 60 60 60 61 64 66 67 67 67 69 69 70 71 71 73 74 75 75 77 77 79 79 80 83 83 85 87 90 91 92 93 93 93 93 94 95 95 97 97 98 99 99 100 100 101 101 103 103 104 107 108 110 111 112 112 114 115 118 118 120 122 124 125 126 128 129 130 131 132 132 134 139 139 139 141 141 142 143 145 146 146 147 148 149 149 150 151 151 153 153 154 156 156 156 157 158 158 159 165 166 166 167 167 167 167 171 172 172 172 174 174 177 177 181 182 183 185 185 187 187 187 189 191 192 193 195 196 197 197 197 198 198 198 199 200 202 206 207 207 210 210 211 211 212 214 215 216 217 218 218 219 219 220 220 220 222 223 224 224 224 225 225 226 227 228 229 231 231 232 236 236 237 237 238 239 239 239 242 242 243 243 244 245 245 249 249 250 250 251 252 252 253 254 255 256 256 258 258 259 261 262 264 265 265 265 266 266 268 268 269 270 270 271 272 272 273 273 274 277 277 279 279 280 280 281 281 281 282 283 283 283 284 285 287 289 289 290 291 292 294 294 295 296 297 298 300 301 302 303 305 305 308 309 309 310 310 310 310 311 311 311 312 312 312 314 314 314 314 315 316 317 317 317 318 318 318 321 322 327 330 331 333 334 334 334 335 335 339 341 342 343 343 345 345 345 346 346 347 348 350 350 352 355 355 357 357 357 357 358 358 359 361 365 366 367 368 369 370 370 371 372 377 378 379 380 381 384 386 387 387 389 391 393 393 394 397 398 398 398 399 399 399 399 400 400 402 402 403 405 405 405 405 405 405 408 408 409 411 412 414 415 416 416 416 417 418 419 420 421 423 423 424 425 425 426 427 428 428 428 428 430 430 431 432 432 432 432 433 434 435 438 438 439 440 441 442 442 442 445 447 447 448 448 451 451 452 452 452 454 456 456 459 459 460 461 462 462 465 466 466 469 470 471 472 473 473 475 475 476 476 476 478 478 479 480 481 481 483 484 484 484 484 485 486 489 489 489 489 490 490 490 490 491 494 495 495 495 499 499 501 501 502 502 502 502 505 507 508 510 511 512 

# Selection sort results for size = 1200
-512 -512 -512 -511 -511 -511 -509 -508 -508 -506 -505 -505 -504 -504 -503 -502 -501 -501 -501 -498 -497 -495 -494 -493 -492 -492 -492 -492 -490 -490 -490 -489 -489 -488 -488 -487 -487 -484 -484 -482 -482 -482 -482 -480 -480 -479 -479 -478 -478 -477 -477 -477 -475 -474 -473 -472 -471 -471 -470 -468 -467 -466 -466 -466 -466 -465 -463 -460 -458 -458 -457 -457 -457 -457 -457 -457 -456 -456 -456 -455 -452 -450 -446 -446 -445 -444 -443 -442 -440 -439 -439 -439 -437 -436 -434 -433 -432 -431 -428 -428 -426 -426 -425 -425 -423 -423 -423 -422 -419 -419 -419 -419 -418 -417 -415 -415 -415 -415 -414 -413 -413 -412 -412 -411 -410 -410 -409 -409 -406 -406 -406 -405 -405 -405 -403 -403 -403 -401 -398 -398 -397 -392 -392 -391 -390 -388 -388 -386 -385 -383 -383 -382 -378 -378 -377 -377 -375 -375 -374 -374 -374 -374 -374 -374 -373 -373 -372 -372 -371 -369 -367 -367 -365 -364 -363 -363 -363 -363 -362 -361 -360 -360 -360 -359 -358 -357 -357 -356 -355 -354 -353 -353 -352 -351 -349 -349 -348 -348 -347 -347 -346 -344 -344 -343 -342 -342 -342 -341 -340 -339 -339 -337 -337 -336 -336 -335 -334 -334 -333 -332 -332 -332 -332 -331 -331 -330 -328 -328 -326 -326 -325 -325 -324 -324 -323 -323 -323 -322 -322 -319 -319 -317 -315 -315 -315 -311 -310 -310 -309 -309 -309 -308 -307 -307 -306 -306 -305 -303 -303 -303 -302 -301 -301 -300 -299 -299 -298 -298 -297 -294 -292 -291 -290 -290 -289 -287 -285 -285 -283 -283 -283 -282 -282 -281 -280 -280 -279 -279 -279 -278 -278 -278 -277 -276 -275 -274 -272 -271 -270 -270 -269 -269 -268 -268 -268 -267 -267 -266 -265 -265 -264 -263 -262 -259 -259 -257 -257 -256 -256 -255 -255 -255 -255 -254 -254 -254 -253 -253 -253 -252 -250 -249 -246 -245 -244 -243 -242 -241 -241 -239 -237 -236 -235 -234 -234 -234 -233 -233 -230 -230 -229 -228 -227 -227 -226 -224 -224 -223 -223 -223 -223 -222 -222 -220 -218 -217 -217 -216 -215 -215 -213 -213 -213 -213 -213 -212 -212 -211 -210 -208 -207 -207 -206 -206 -204 -204 -204 -203 -202 -201 -200 -200 -199 -199 -199 -196 -194 -193 -192 -191 -190 -189 -189 -188 -185 -184 -183 -183 -182 -180 -180 -180 -179 -178 -178 -178 -178 -177 -177 -175 -175 -175 -175 -173 -173 -172 -171 -171 -169 -168 -167 -166 -166 -166 -165 -163 -163 -163 -163 -162 -162 -162 -161 -160 -160 -159 -158 -158 -156 -154 -153 -149 -148 -148 -147 -146 -146 -144 -142 -142 -141 -140 -139 -139 -139 -139 -138 -138 -137 -137 -135 -133 -132 -130 -128 -126 -126 -126 -126 -125 -125 -124 -124 -123 -123 -123 -122 -121 -121 -120 -119 -119 -118 -118 -118 -116 -116 -113 -113 -112 -112 -112 -112 -111 -110 -109 -107 -107 -106 -104 -104 -99 -99 -97 -97 -96 -96 -95 -94 -93 -93 -92 -91 -89 -89 -88 -87 -87 -87 -86 -85 -82 -82 -82 -81 -80 -78 -78 -77 -76 -76 -76 -75 -74 -74 -74 -73 -72 -72 -72 -72 -71 -70 -67 -65 -64 -64 -64 -64 -64 -63 -62 -62 -59 -56 -54 -54 -54 -54 -54 -54 -52 -50 -50 -49 -48 -48 -48 -48 -47 -46 -45 -44 -43 -42 -42 -40 -39 -38 -38 -37 -37 -35 -33 -32 -31 -31 -28 -28 -27 -27 -27 -26 -25 -23 -22 -22 -22 -20 -20 -16 -16 -15 -15 -13 -12 -11 -11 -11 -10 -10 -9 -9 -7 -7 -6 -4 -4 -2 -1 0 1 2 2 3 4 7 7 7 7 8 10 10 11 12 13 13 16 16 16 16 17 17 18 19 19 19 22 22 23 23 23 23 27 28 29 30 31 31 32 32 33 34 35 35 35 38 40 41 42 45 46 46 48 49 49 50 50 51 51 52 52 53 56 57 58 59 60 61 62 65 66 66 67 67 69 70 72 74 77 77 81 82 84 85 86 86 88 90 91 92 92 93 96 96 96 96 97 97 97 98 100 102 102 104 105 105 107 107 108 108 108 109 111 113 113 113 115 115 115 116 117 117 119 120 120 120 121 125 126 126 126 127 127 128 130 130 131 133 135 135 136 136 137 138 139 139 140 142 144 146 146 147 148 149 149 150 153 154 155 155 155 156 156 157 158 158 159 160 160 161 162 162 164 164 164 164 164 164 165 166 166 167 168 168 170 171 173 173 173 174 174 175 177 178 183 184 185 186 187 187 189 190 190 192 194 195 196 197 197 199 199 199 201 201 202 202 202 203 203 204 207 207 207 207 208 208 212 213 213 215 215 215 216 216 216 217 217 217 220 221 222 225 225 225 227 228 229 231 233 233 234 235 236 237 237 237 237 239 241 242 245 248 248 253 253 257 258 258 258 259 259 260 260 261 262 263 264 264 264 264 265 268 269 271 272 272 272 273 273 274 274 275 276 278 278 279 279 279 279 280 281 282 283 284 286 286 287 288 289 290 291 291 291 291 292 292 292 292 292 293 294 294 295 295 295 296 296 297 298 300 300 300 301 304 304 304 305 305 306 306 306 307 307 308 308 312 312 313 316 317 318 318 318 319 319 319 319 320 321 321 322 322 324 325 327 328 329 330 330 330 331 333 333 336 337 338 338 341 342 344 345 345 345 347 347 348 349 350 350 351 353 353 353 354 356 356 356 357 358 360 362 362 364 364 367 367 369 369 370 371 371 373 373 374 376 376 378 379 380 380 381 382 383 385 386 387 387 390 391 391 392 393 393 396 400 400 402 403 404 404 407 407 407 410 412 412 413 414 415 416 417 418 418 418 419 421 421 423 423 425 426 428 429 430 430 430 431 431 432 433 434 434 435 435 436 439 439 440 443 444 444 444 444 445 445 445 446 447 447 447 452 452 453 454 455 456 457 457 458 458 459 459 460 461 462 466 466 466 466 468 468 469 472 473 473 474 474 474 475 476 478 479 480 481 482 483 483 483 485 485 486 486 486 489 490 490 491 491 491 492 493 494 495 495 496 496 496 498 499 500 500 501 503 503 503 505 505 506 506 507 507 507 509 509 509 510 511 512 512 

# Selection sort results for size = 1300
-512 -511 -510 -510 -508 -508 -507 -506 -503 -502 -502 -501 -501 -500 -500 -500 -499 -498 -497 -497 -497 -496 -496 -496 -494 -494 -494 -493 -492 -489 -488 -488 -486 -485 -485 -485 -485 -484 -484 -484 -483 -483 -483 -483 -481 -480 -480 -480 -479 -478 -478 -477 -477 -477 -476 -476 -476 -474 -474 -474 -470 -469 -469 -468 -465 -464 -461 -461 -460 -460 -460 -457 -457 -457 -456 -455 -454 -452 -451 -451 -451 -450 -450 -450 -450 -449 -449 -447 -447 -447 -447 -445 -445 -445 -445 -444 -444 -444 -443 -441 -441 -441 -440 -436 -435 -435 -434 -434 -432 -431 -431 -431 -431 -430 -430 -430 -427 -425 -424 -422 -421 -421 -419 -419 -418 -418 -418 -416 -416 -416 -415 -414 -414 -414 -413 -413 -413 -413 -411 -410 -410 -409 -409 -408 -408 -407 -407 -406 -406 -405 -404 -404 -403 -402 -400 -400 -399 -399 -399 -398 -397 -395 -395 -392 -390 -389 -388 -388 -388 -388 -387 -386 -386 -386 -383 -379 -379 -378 -378 -378 -377 -377 -376 -375 -375 -375 -374 -374 -373 -372 -371 -371 -369 -368 -364 -363 -363 -362 -360 -360 -360 -360 -360 -360 -360 -357 -355 -351 -350 -348 -347 -345 -343 -341 -341 -340 -339 -339 -337 -334 -334 -334 -334 -334 -333 -333 -332 -332 -332 -331 -331 -331 -331 -330 -326 -325 -324 -322 -321 -320 -319 -319 -318 -318 -317 -316 -316 -316 -311 -311 -310 -307 -305 -305 -305 -305 -303 -301 -299 -298 -297 -297 -297 -296 -293 -292 -289 -289 -288 -287 -285 -285 -284 -283 -282 -282 -281 -281 -280 -279 -278 -278 -278 -277 -276 -275 -275 -272 -271 -268 -266 -266 -265 -264 -261 -261 -260 -259 -258 -257 -257 -257 -257 -257 -255 -255 -255 -255 -254 -254 -254 -253 -252 -252 -251 -251 -250 -250 -250 -250 -250 -248 -247 -247 -246 -246 -243 -243 -243 -243 -242 -242 -242 -241 -241 -239 -239 -237 -236 -234 -234 -234 -234 -233 -233 -231 -228 -228 -226 -226 -226 -225 -225 -224 -223 -222 -222 -222 -221 -220 -219 -219 -219 -218 -218 -217 -217 -214 -212 -211 -209 -209 -208 -207 -206 -206 -205 -205 -204 -204 -203 -203 -202 -202 -201 -200 -200 -199 -197 -197 -197 -196 -194 -193 -193 -193 -190 -190 -189 -189 -188 -185 -183 -182 -182 -180 -179 -177 -175 -174 -173 -172 -171 -170 -168 -168 -167 -166 -166 -165 -164 -164 -164 -162 -162 -162 -162 -160 -160 -160 -160 -159 -158 -157 -156 -155 -154 -154 -153 -152 -149 -148 -146 -144 -144 -144 -142 -141 -139 -139 -137 -135 -134 -134 -133 -133 -131 -131 -130 -129 -128 -127 -126 -126 -125 -125 -124 -124 -123 -123 -122 -122 -122 -121 -120 -120 -120 -119 -119 -118 -117 -117 -114 -113 -113 -112 -112 -111 -111 -110 -110 -110 -108 -106 -106 -105 -104 -104 -103 -103 -103 -103 -102 -102 -102 -101 -100 -99 -98 -98 -98 -97 -97 -97 -96 -96 -95 -94 -93 -93 -92 -91 -91 -90 -89 -89 -87 -87 -84 -84 -82 -82 -82 -81 -81 -81 -79 -79 -79 -77 -77 -77 -76 -75 -74 -73 -73 -73 -73 -71 -70 -70 -70 -69 -69 -68 -67 -65 -64 -64 -63 -61 -61 -60 -59 -59 -55 -55 -55 -53 -52 -52 -51 -49 -48 -47 -46 -46 -44 -44 -43 -43 -42 -41 -41 -41 -40 -39 -39 -38 -38 -37 -35 -34 -33 -33 -32 -31 -30 -30 -28 -28 -28 -27 -27 -26 -26 -24 -24 -23 -22 -21 -21 -20 -19 -19 -19 -18 -17 -17 -11 -11 -10 -10 -10 -10 -10 -9 -7 -7 -5 -5 -3 -3 -2 -1 0 0 1 2 2 2 3 4 5 5 6 7 7 7 8 8 9 9 10 11 11 11 12 15 15 16 16 17 17 20 20 21 21 23 26 26 28 29 31 31 32 32 32 33 34 36 37 38 38 39 40 41 41 41 41 42 42 44 45 45 45 46 49 51 51 52 52 52 53 54 54 54 56 57 57 61 61 62 62 62 62 67 67 68 70 70 73 73 75 75 76 77 77 79 79 79 80 82 82 85 85 87 87 88 88 88 88 90 90 90 92 92 96 98 100 102 102 103 103 103 105 106 107 107 108 109 109 109 109 110 110 111 111 112 112 112 115 116 117 118 118 118 119 119 119 120 120 121 121 121 121 123 123 124 124 125 126 126 126 126 127 128 129 129 130 130 130 131 132 132 132 133 133 135 135 135 136 136 136 136 137 138 140 140 140 141 141 142 143 144 144 145 146 146 147 148 148 149 149 150 151 152 153 153 153 153 154 155 155 155 155 156 159 159 159 160 160 161 161 162 162 162 163 164 165 165 165 166 166 167 167 168 168 169 170 170 171 171 173 174 175 175 176 177 178 179 179 182 183 183 186 188 189 191 191 191 192 192 193 193 194 197 197 197 197 199 201 202 202 202 203 204 205 207 209 209 209 209 210 210 210 211 212 212 213 214 215 215 216 216 216 218 218 221 222 222 224 224 225 226 227 228 229 229 230 230 231 231 232 232 232 233 234 236 238 239 240 241 241 242 242 244 245 245 246 246 247 249 251 252 255 256 256 257 257 257 258 258 259 260 261 261 261 263 264 265 266 266 266 267 268 268 269 269 269 270 270 271 272 273 275 275 276 277 277 277 279 280 280 280 281 281 283 283 284 284 285 286 287 289 289 289 291 292 294 294 295 295 296 297 298 299 299 299 299 299 300 301 303 304 304 305 306 306 309 310 310 311 313 313 314 317 317 318 318 318 319 319 320 321 323 323 325 326 327 328 333 334 334 334 335 335 337 337 338 340 340 341 341 342 343 344 344 345 346 346 346 347 348 348 349 349 349 351 352 352 353 353 354 355 355 356 356 356 356 357 357 357 360 360 360 361 361 362 364 364 364 367 367 367 369 369 369 370 371 371 372 374 375 375 376 377 378 379 380 381 381 382 383 384 384 386 387 388 388 389 389 389 390 391 391 392 392 392 393 394 394 394 395 395 395 397 398 400 400 400 403 403 404 404 405 405 406 406 407 407 408 409 409 410 411 412 412 414 416 416 417 418 418 419 419 422 422 424 425 426 427 428 428 429 430 432 433 433 434 436 436 437 438 438 438 438 439 440 441 442 443 444 444 444 445 445 445 446 446 448 449 450 450 453 453 455 455 456 456 457 457 458 458 458 459 459 460 460 460 460 461 462 462 462 464 465 466 466 466 467 469 469 469 470 470 471 471 472 473 473 474 474 476 479 479 480 480 482 484 485 486 487 489 490 490 490 490 493 495 496 497 497 498 498 499 500 501 501 502 502 505 505 505 506 507 508 509 511 

# Selection sort results for size = 1400
-511 -511 -511 -509 -508 -507 -503 -502 -502 -502 -501 -499 -499 -499 -498 -498 -498 -497 -496 -496 -494 -494 -493 -492 -492 -489 -486 -486 -486 -485 -485 -484 -483 -483 -482 -481 -480 -480 -480 -479 -478 -478 -477 -477 -476 -476 -474 -472 -471 -471 -470 -470 -467 -467 -466 -465 -464 -464 -463 -462 -461 -458 -458 -457 -453 -451 -451 -450 -449 -448 -448 -447 -447 -447 -447 -446 -446 -445 -443 -442 -442 -440 -440 -439 -439 -439 -438 -438 -438 -437 -435 -435 -435 -434 -434 -432 -432 -430 -429 -429 -428 -428 -428 -426 -425 -425 -420 -420 -420 -419 -418 -417 -417 -416 -416 -415 -414 -413 -412 -412 -411 -411 -409 -408 -408 -407 -407 -406 -405 -404 -403 -401 -401 -400 -400 -400 -400 -399 -398 -397 -397 -396 -396 -395 -395 -395 -394 -394 -393 -393 -392 -392 -390 -389 -389 -388 -388 -388 -387 -387 -387 -387 -387 -386 -386 -385 -384 -384 -383 -383 -383 -382 -382 -381 -380 -380 -379 -379 -379 -377 -377 -375 -375 -374 -374 -372 -371 -371 -369 -369 -369 -369 -368 -368 -368 -367 -367 -367 -366 -366 -363 -363 -362 -361 -361 -360 -360 -359 -359 -358 -357 -356 -352 -352 -350 -349 -349 -348 -347 -347 -346 -346 -344 -344 -342 -340 -339 -338 -338 -337 -337 -337 -336 -335 -334 -334 -334 -333 -332 -331 -330 -329 -329 -329 -329 -328 -327 -326 -325 -325 -324 -324 -324 -324 -321 -320 -319 -319 -318 -317 -316 -315 -314 -314 -314 -313 -312 -311 -311 -310 -310 -310 -310 -310 -309 -309 -309 -308 -307 -307 -306 -306 -305 -304 -304 -303 -303 -302 -302 -301 -300 -300 -299 -299 -298 -296 -296 -295 -294 -294 -293 -293 -293 -293 -293 -293 -292 -292 -292 -289 -289 -289 -288 -288 -288 -287 -286 -286 -286 -285 -284 -280 -278 -278 -278 -277 -276 -276 -276 -276 -275 -274 -274 -272 -271 -271 -269 -268 -267 -266 -266 -266 -265 -265 -265 -265 -265 -264 -263 -261 -261 -260 -260 -260 -260 -259 -259 -258 -258 -258 -257 -256 -256 -256 -256 -256 -255 -254 -253 -252 -251 -251 -250 -250 -249 -247 -247 -247 -247 -246 -246 -246 -246 -246 -244 -244 -242 -241 -237 -236 -233 -231 -230 -230 -228 -228 -227 -227 -227 -226 -224 -223 -223 -223 -222 -222 -221 -220 -220 -219 -218 -217 -216 -215 -213 -211 -211 -211 -210 -209 -208 -208 -207 -206 -206 -205 -205 -205 -204 -202 -202 -202 -201 -200 -200 -200 -200 -199 -199 -198 -197 -197 -196 -194 -194 -192 -192 -191 -190 -190 -189 -189 -188 -188 -188 -186 -186 -186 -185 -185 -184 -184 -184 -184 -183 -181 -181 -181 -181 -180 -180 -179 -178 -178 -178 -176 -174 -174 -172 -172 -170 -170 -169 -168 -168 -167 -166 -166 -165 -165 -163 -163 -162 -161 -161 -161 -160 -158 -156 -156 -156 -155 -155 -152 -152 -150 -148 -148 -148 -146 -146 -146 -146 -145 -144 -142 -141 -141 -141 -141 -139 -138 -136 -136 -136 -135 -135 -135 -134 -134 -134 -134 -133 -131 -130 -130 -130 -128 -128 -127 -127 -127 -124 -123 -123 -122 -120 -120 -120 -119 -117 -115 -114 -112 -111 -111 -111 -111 -109 -109 -108 -108 -108 -107 -107 -106 -106 -105 -104 -104 -102 -101 -101 -101 -101 -100 -100 -99 -99 -98 -97 -95 -95 -95 -95 -94 -93 -93 -93 -93 -92 -91 -91 -90 -90 -90 -89 -88 -88 -88 -88 -87 -86 -85 -83 -81 -80 -76 -75 -75 -75 -74 -74 -74 -73 -72 -71 -70 -69 -68 -68 -68 -68 -66 -65 -65 -64 -64 -63 -63 -62 -60 -60 -60 -59 -58 -58 -58 -56 -56 -54 -54 -52 -51 -51 -50 -49 -49 -48 -47 -47 -46 -46 -44 -44 -42 -42 -42 -41 -40 -40 -39 -38 -37 -37 -35 -34 -34 -33 -33 -33 -32 -32 -31 -30 -30 -29 -27 -26 -26 -26 -23 -21 -20 -19 -18 -14 -14 -13 -12 -12 -12 -11 -11 -11 -10 -7 -7 -7 -6 -5 -4 -4 -3 -3 -3 -2 -1 0 1 4 7 8 8 9 9 9 10 11 11 11 11 12 12 13 14 14 15 15 15 16 17 18 19 19 21 22 24 24 24 25 26 26 30 30 32 33 33 33 33 34 34 37 38 39 39 39 40 41 41 43 43 44 44 45 45 45 45 46 46 47 47 47 49 50 50 51 52 53 53 54 55 55 55 56 57 59 59 60 60 61 62 63 63 63 64 64 64 65 66 67 67 67 67 68 68 69 69 70 71 72 72 72 72 76 76 77 77 77 79 79 80 80 81 82 82 83 83 83 84 84 85 85 86 87 92 92 93 95 95 96 97 97 98 99 100 100 101 101 102 103 103 103 105 105 106 109 111 111 112 112 113 114 115 115 117 118 119 119 120 120 121 123 124 124 124 125 125 128 128 128 130 130 131 131 132 133 134 134 134 135 135 136 136 138 140 141 142 143 143 143 143 146 146 148 149 150 150 151 153 154 155 155 158 158 159 160 162 163 163 163 164 165 165 166 168 168 168 172 172 173 174 174 174 174 175 175 176 177 177 177 179 179 179 180 181 181 182 182 183 183 184 185 185 186 186 187 187 188 192 192 193 193 193 194 194 195 195 197 197 197 200 201 201 201 203 203 204 204 205 205 205 206 207 208 208 209 209 209 210 211 213 213 213 214 215 215 217 217 218 218 219 220 220 220 221 221 222 222 223 223 224 226 226 226 227 227 227 228 230 230 231 232 233 233 234 234 235 235 236 237 238 238 239 240 241 241 242 243 245 246 247 247 247 247 248 249 251 252 254 254 256 259 259 260 261 261 261 262 263 263 264 264 264 265 265 266 266 267 268 269 269 269 270 270 271 271 272 272 273 273 274 275 276 276 280 280 280 281 281 282 283 284 284 285 285 285 286 289 290 290 292 292 295 297 297 297 298 300 300 302 303 304 304 304 304 304 305 306 308 308 310 311 312 312 313 314 314 316 316 317 320 320 321 321 321 323 323 324 324 326 326 326 326 328 328 329 329 330 330 331 331 333 333 334 334 334 337 337 338 338 338 339 339 341 341 341 342 342 343 343 344 344 344 347 347 348 348 350 350 351 351 351 352 353 353 354 354 357 358 358 359 360 360 361 361 361 361 361 362 363 364 365 365 367 368 368 369 369 369 369 370 372 372 373 373 373 373 374 376 376 378 379 379 379 380 380 382 382 385 387 388 389 389 391 392 392 393 393 396 397 397 398 399 400 403 403 403 405 405 406 408 410 410 411 411 411 412 413 413 414 414 414 415 415 416 416 417 417 417 418 418 418 420 420 420 420 421 421 423 424 424 424 425 427 428 428 428 431 432 432 432 434 435 435 436 437 438 439 440 441 442 444 446 446 446 446 446 447 447 447 447 447 448 450 450 453 454 454 454 455 455 455 456 456 456 456 457 457 459 459 460 461 463 464 465 466 466 471 471 472 473 474 474 474 475 475 476 476 476 477 478 479 479 479 480 480 481 481 483 483 484 485 486 487 488 488 488 489 489 490 491 493 493 495 495 496 497 498 498 498 500 501 502 503 503 506 506 506 507 509 510 511 511 511 511 511 512 512 512 

# Selection sort results for size = 1500
-512 -512 -511 -510 -508 -508 -508 -507 -506 -505 -505 -504 -503 -501 -500 -499 -498 -497 -497 -496 -495 -494 -494 -494 -493 -492 -491 -491 -491 -490 -487 -487 -483 -481 -481 -480 -478 -478 -478 -478 -476 -476 -476 -472 -472 -471 -470 -470 -469 -469 -469 -468 -467 -466 -466 -465 -465 -465 -464 -462 -462 -461 -461 -461 -460 -460 -460 -457 -457 -456 -454 -454 -454 -451 -451 -448 -448 -446 -446 -446 -446 -445 -445 -444 -444 -444 -443 -443 -442 -442 -441 -439 -439 -439 -437 -437 -434 -433 -432 -430 -427 -427 -427 -427 -426 -425 -424 -423 -423 -423 -422 -422 -422 -421 -421 -421 -421 -420 -420 -419 -419 -418 -418 -418 -417 -417 -416 -416 -415 -413 -413 -412 -411 -409 -409 -409 -408 -407 -406 -406 -406 -405 -405 -404 -403 -401 -401 -400 -400 -400 -399 -399 -398 -398 -398 -397 -397 -397 -396 -396 -396 -395 -395 -395 -393 -393 -391 -390 -388 -385 -385 -384 -383 -379 -377 -377 -377 -376 -375 -375 -375 -374 -374 -373 -372 -372 -370 -369 -369 -368 -367 -367 -366 -365 -365 -365 -364 -363 -362 -362 -361 -361 -360 -360 -360 -360 -359 -359 -358 -358 -357 -356 -356 -355 -354 -352 -352 -351 -350 -350 -349 -348 -346 -345 -345 -344 -341 -340 -340 -339 -339 -339 -337 -337 -336 -336 -333 -333 -332 -332 -330 -330 -325 -325 -324 -324 -323 -322 -321 -321 -320 -320 -318 -318 -317 -316 -315 -315 -314 -314 -314 -313 -312 -311 -311 -311 -310 -310 -309 -308 -307 -306 -306 -305 -305 -303 -303 -302 -301 -300 -300 -299 -298 -297 -296 -296 -295 -294 -294 -294 -294 -293 -293 -292 -292 -291 -289 -287 -287 -287 -285 -284 -284 -283 -281 -281 -279 -279 -278 -277 -277 -276 -275 -274 -274 -274 -272 -272 -271 -270 -270 -269 -269 -267 -267 -266 -266 -266 -266 -263 -263 -262 -260 -260 -260 -259 -259 -259 -259 -258 -257 -257 -255 -255 -254 -254 -254 -253 -252 -251 -251 -249 -249 -249 -248 -248 -248 -246 -246 -245 -245 -244 -241 -241 -240 -238 -238 -237 -237 -237 -234 -231 -230 -230 -230 -229 -228 -228 -226 -225 -225 -225 -225 -222 -222 -222 -222 -221 -220 -219 -218 -218 -217 -217 -215 -215 -215 -214 -214 -213 -213 -213 -211 -211 -211 -210 -207 -205 -204 -203 -203 -203 -202 -202 -201 -201 -201 -200 -197 -197 -196 -196 -196 -196 -195 -195 -194 -194 -193 -192 -192 -191 -189 -188 -187 -186 -185 -185 -184 -184 -184 -183 -182 -182 -181 -180 -179 -179 -178 -178 -178 -178 -177 -175 -175 -175 -175 -175 -173 -172 -172 -171 -168 -166 -165 -165 -164 -164 -163 -163 -162 -161 -161 -161 -161 -160 -160 -160 -159 -158 -156 -156 -156 -156 -156 -156 -155 -155 -154 -153 -153 -153 -153 -150 -150 -149 -149 -147 -146 -146 -145 -145 -145 -144 -144 -142 -140 -140 -139 -139 -138 -137 -137 -136 -136 -136 -135 -134 -131 -131 -130 -130 -130 -129 -126 -126 -126 -125 -124 -122 -122 -122 -122 -121 -120 -119 -118 -118 -117 -117 -117 -116 -116 -114 -114 -114 -113 -113 -112 -112 -112 -112 -111 -111 -110 -109 -108 -108 -107 -106 -106 -105 -105 -105 -105 -102 -102 -100 -99 -99 -98 -98 -96 -96 -94 -93 -92 -91 -91 -91 -90 -90 -90 -89 -89 -89 -88 -85 -84 -84 -84 -84 -83 -83 -82 -81 -78 -77 -76 -75 -74 -73 -73 -73 -73 -72 -72 -72 -71 -70 -70 -69 -68 -68 -68 -67 -66 -65 -65 -63 -62 -62 -59 -59 -59 -58 -58 -56 -56 -55 -55 -54 -53 -52 -52 -50 -49 -47 -47 -47 -46 -46 -46 -46 -45 -45 -44 -44 -43 -42 -42 -41 -41 -40 -39 -39 -38 -38 -38 -37 -37 -37 -36 -36 -35 -34 -33 -32 -32 -30 -30 -30 -27 -27 -27 -26 -25 -25 -25 -23 -23 -22 -21 -21 -21 -20 -20 -20 -19 -18 -16 -15 -14 -12 -11 -10 -9 -8 -8 -7 -7 -7 -6 -6 -6 -6 -5 -3 -2 -2 -1 -1 -1 0 1 2 4 7 7 7 8 8 9 10 11 12 12 12 13 14 14 14 15 16 16 16 18 18 19 19 21 21 22 22 22 22 22 22 22 23 23 24 24 26 27 27 28 28 28 28 31 32 32 33 34 34 35 35 35 36 37 37 38 39 39 41 41 42 42 44 46 47 47 48 48 48 51 51 51 52 52 53 53 53 55 55 55 55 56 56 56 58 59 59 59 60 60 61 61 62 63 64 64 64 66 67 67 70 71 71 71 72 72 73 74 75 75 75 76 77 77 79 79 79 80 81 82 84 86 86 87 87 87 88 88 88 89 89 89 90 90 90 91 91 91 92 92 92 93 93 93 94 95 95 95 95 96 96 96 97 98 98 99 99 101 103 104 105 106 106 107 108 108 110 110 111 111 111 111 112 113 113 114 114 114 114 115 116 116 116 117 118 118 118 119 119 120 120 121 121 122 122 122 123 125 126 128 128 129 129 129 129 130 130 130 130 131 133 134 134 136 136 138 138 140 140 140 141 143 143 144 144 145 146 148 148 149 149 149 151 152 152 154 155 155 156 156 156 158 158 158 159 160 161 161 161 162 162 162 162 162 163 164 165 165 166 167 167 168 169 169 169 170 173 174 175 175 175 176 176 176 176 177 179 179 180 180 181 182 183 183 185 186 187 187 187 188 189 190 190 191 191 193 194 194 194 195 195 196 197 197 197 198 198 198 198 199 199 200 200 201 203 204 204 206 206 206 206 207 207 207 208 208 209 209 210 210 211 211 212 213 213 213 214 216 216 216 216 217 218 218 219 220 222 222 223 224 226 227 227 227 228 228 230 231 231 232 232 233 233 233 234 234 235 235 235 238 238 238 239 240 241 241 241 241 242 242 242 243 244 246 247 247 251 251 252 252 254 254 256 256 256 257 257 257 258 258 258 259 260 262 262 263 264 264 266 267 267 268 268 269 269 270 270 270 271 271 272 275 275 276 276 276 280 280 282 282 282 283 285 285 286 287 288 289 290 290 290 291 291 293 294 295 295 295 295 296 296 296 299 299 299 300 301 302 302 302 302 303 303 305 305 305 306 306 306 307 308 308 309 309 309 311 311 312 313 313 314 314 315 315 315 315 315 315 318 318 320 321 321 321 321 322 323 323 323 324 324 325 325 325 326 327 329 329 329 331 331 331 333 334 334 335 336 336 338 338 338 339 340 341 341 342 344 346 346 347 349 349 351 351 351 351 352 352 354 354 355 355 358 359 359 359 359 359 360 360 361 361 362 363 365 366 367 367 368 369 369 370 371 372 373 374 374 374 375 376 377 377 377 378 379 380 380 380 381 383 384 387 387 388 390 390 390 390 390 392 393 394 395 395 397 398 399 400 400 400 401 401 402 402 403 404 405 406 407 407 407 407 408 409 410 410 410 411 412 413 415 415 416 417 417 418 418 419 420 420 421 422 422 422 423 423 423 423 424 425 425 425 427 428 428 428 428 429 430 430 431 431 431 432 432 432 432 434 434 434 434 436 439 439 440 441 442 444 447 449 449 449 449 450 450 450 451 452 452 453 453 454 454 454 454 456 457 457 458 458 460 460 461 461 461 463 463 463 463 464 465 465 466 467 467 467 468 468 468 469 470 470 471 471 471 472 473 474 474 476 478 480 481 481 481 481 481 482 482 482 483 484 485 485 486 487 489 489 491 492 492 494 494 495 495 495 496 496 496 497 499 499 500 500 500 501 502 503 503 503 503 503 504 504 504 504 505 505 506 507 509 509 509 510 510 510 511 511 511 511 511 511 512 

# Selection sort results for size = 1600
-512 -512 -509 -509 -507 -507 -506 -506 -504 -504 -503 -503 -503 -502 -502 -501 -501 -501 -501 -501 -500 -500 -499 -499 -497 -497 -497 -494 -494 -494 -494 -493 -493 -492 -491 -490 -490 -489 -488 -488 -485 -483 -481 -480 -479 -478 -478 -478 -478 -478 -477 -476 -476 -475 -475 -474 -473 -472 -472 -472 -471 -471 -471 -470 -469 -468 -468 -467 -467 -465 -465 -465 -464 -464 -464 -463 -463 -462 -461 -461 -461 -459 -459 -459 -458 -458 -457 -457 -457 -456 -456 -456 -455 -455 -455 -453 -453 -453 -453 -452 -452 -452 -451 -450 -449 -449 -447 -446 -446 -445 -445 -444 -443 -443 -442 -441 -440 -440 -440 -440 -438 -436 -435 -434 -434 -434 -431 -430 -428 -427 -424 -423 -423 -423 -422 -422 -421 -420 -419 -419 -419 -418 -418 -418 -416 -412 -411 -411 -410 -410 -408 -408 -407 -406 -405 -405 -404 -403 -403 -403 -403 -402 -402 -402 -401 -400 -400 -400 -400 -400 -399 -398 -397 -397 -397 -396 -396 -395 -395 -394 -393 -393 -393 -392 -392 -392 -392 -392 -392 -391 -388 -387 -387 -387 -386 -385 -385 -384 -384 -384 -384 -383 -383 -382 -382 -382 -381 -380 -380 -378 -378 -377 -376 -376 -376 -376 -375 -372 -371 -370 -370 -369 -369 -368 -368 -367 -367 -366 -365 -364 -363 -360 -360 -359 -358 -357 -357 -356 -356 -355 -355 -354 -351 -350 -349 -348 -348 -347 -346 -345 -344 -344 -344 -344 -343 -343 -343 -343 -342 -342 -341 -340 -340 -338 -337 -336 -336 -335 -334 -334 -334 -333 -331 -331 -330 -328 -328 -328 -327 -326 -326 -326 -324 -324 -323 -322 -322 -322 -321 -321 -321 -321 -320 -320 -319 -319 -318 -318 -317 -317 -316 -316 -315 -315 -315 -315 -314 -313 -313 -313 -313 -311 -311 -308 -307 -307 -307 -306 -305 -304 -303 -303 -303 -302 -301 -300 -300 -299 -298 -297 -296 -295 -294 -294 -294 -292 -292 -291 -291 -290 -290 -290 -290 -289 -289 -288 -288 -287 -286 -286 -285 -285 -284 -284 -283 -283 -282 -282 -280 -280 -280 -279 -278 -278 -277 -277 -276 -276 -276 -276 -276 -274 -273 -273 -272 -272 -270 -270 -269 -269 -267 -267 -267 -266 -266 -265 -265 -265 -262 -260 -259 -258 -258 -255 -253 -252 -251 -250 -249 -247 -246 -246 -245 -244 -244 -244 -243 -243 -241 -241 -240 -240 -239 -239 -238 -237 -237 -237 -236 -236 -236 -236 -235 -234 -233 -233 -232 -229 -229 -228 -227 -226 -226 -225 -225 -223 -222 -221 -219 -219 -218 -218 -217 -216 -215 -215 -213 -213 -212 -210 -209 -208 -208 -205 -204 -203 -203 -202 -202 -201 -200 -200 -199 -198 -198 -197 -197 -196 -196 -196 -195 -194 -192 -191 -190 -190 -189 -188 -188 -188 -187 -185 -184 -184 -182 -182 -182 -181 -180 -180 -180 -179 -179 -178 -177 -176 -176 -175 -175 -174 -174 -174 -173 -172 -170 -170 -169 -169 -169 -169 -168 -167 -167 -166 -165 -162 -162 -162 -162 -160 -159 -159 -158 -158 -157 -157 -155 -155 -154 -154 -154 -153 -151 -151 -148 -148 -147 -146 -145 -145 -145 -145 -144 -144 -143 -142 -141 -140 -140 -140 -140 -139 -138 -137 -136 -136 -136 -135 -135 -134 -134 -132 -131 -130 -129 -129 -129 -129 -129 -128 -127 -126 -126 -126 -125 -125 -125 -124 -124 -121 -121 -121 -120 -119 -119 -118 -118 -118 -117 -116 -116 -115 -115 -113 -113 -113 -113 -113 -113 -112 -112 -112 -110 -110 -109 -109 -108 -107 -106 -106 -106 -104 -104 -103 -103 -103 -102 -101 -101 -101 -98 -98 -97 -96 -96 -94 -94 -94 -93 -92 -91 -90 -90 -88 -87 -87 -87 -86 -86 -85 -85 -84 -83 -82 -82 -82 -82 -81 -81 -81 -79 -79 -79 -79 -78 -78 -78 -77 -76 -76 -74 -73 -73 -72 -71 -71 -70 -70 -69 -69 -69 -69 -67 -67 -66 -66 -65 -65 -64 -63 -63 -62 -62 -62 -61 -61 -60 -57 -57 -57 -57 -56 -56 -54 -54 -53 -52 -52 -50 -50 -50 -50 -50 -49 -49 -48 -48 -46 -46 -46 -46 -45 -45 -45 -43 -43 -43 -43 -42 -41 -41 -41 -41 -40 -40 -39 -39 -38 -38 -38 -38 -37 -36 -35 -35 -34 -34 -33 -33 -33 -33 -33 -32 -32 -31 -30 -30 -29 -29 -29 -29 -28 -27 -27 -27 -25 -24 -24 -22 -20 -20 -20 -19 -18 -18 -17 -17 -16 -15 -15 -14 -13 -12 -12 -11 -9 -7 -7 -6 -5 -2 -1 -1 -1 0 0 1 1 1 2 2 2 2 3 3 5 5 6 7 7 7 8 8 9 10 10 11 11 13 14 14 16 16 17 18 19 20 20 20 21 22 22 22 23 23 23 24 25 25 25 26 26 27 30 31 31 32 33 34 35 35 36 37 37 38 38 39 39 40 40 41 41 42 43 43 43 43 45 45 45 45 46 48 49 49 49 50 50 51 51 52 52 52 52 52 53 53 54 55 56 56 56 57 57 59 60 62 62 63 63 63 63 63 64 65 65 66 66 67 68 69 70 70 70 72 72 72 73 74 74 74 74 75 75 75 76 76 77 77 78 78 79 80 80 81 81 83 84 84 85 86 87 87 89 90 90 90 91 91 91 92 93 93 94 94 97 97 97 97 97 98 98 99 100 100 100 101 101 101 103 103 103 104 106 106 108 108 108 109 110 111 111 111 112 112 112 113 114 115 116 116 116 117 120 121 121 123 124 124 125 125 126 127 127 127 127 128 129 129 130 130 131 131 133 134 134 134 134 135 135 136 136 140 140 140 141 142 142 143 143 144 144 145 145 146 147 148 148 149 149 150 151 151 152 152 153 154 154 157 157 157 158 158 159 160 160 160 160 161 161 163 163 163 164 164 164 165 165 165 166 166 167 167 168 168 168 168 169 169 171 172 172 173 174 175 175 175 175 176 178 179 179 179 180 182 182 182 183 183 184 185 185 187 187 188 188 188 189 189 189 189 189 190 190 192 192 193 193 195 195 195 195 198 199 200 201 201 201 203 203 203 205 205 208 209 209 210 211 212 214 214 214 215 215 216 216 216 216 217 217 218 219 220 220 220 222 222 223 223 224 224 225 226 226 227 228 230 230 232 232 232 232 233 234 235 235 236 236 236 237 237 238 240 240 241 242 242 243 243 243 245 245 246 247 247 248 248 248 249 249 250 251 251 252 252 252 253 253 253 257 257 259 260 260 260 260 261 262 263 264 264 264 266 266 267 267 268 268 268 269 270 270 271 271 271 273 273 274 275 275 276 276 278 278 278 278 278 279 279 279 280 281 281 281 281 281 282 283 284 284 285 287 287 287 288 288 288 291 292 292 292 292 293 293 293 293 295 295 295 296 296 296 298 298 298 298 299 300 301 302 302 303 303 303 304 305 305 305 305 306 307 307 308 309 310 311 311 312 317 318 318 318 319 321 321 322 322 323 324 324 325 325 325 326 327 327 328 329 329 330 331 331 332 334 334 335 335 335 335 336 337 338 338 338 339 340 341 341 341 341 341 342 342 343 343 343 347 347 347 348 348 350 351 352 353 355 357 357 359 361 361 361 362 362 362 363 363 363 364 364 365 366 366 366 367 367 367 368 369 370 370 370 370 370 371 372 372 372 373 373 374 374 375 375 376 376 377 377 377 377 377 378 378 379 380 382 382 382 384 384 384 387 387 387 388 389 389 390 390 391 392 393 393 393 395 395 395 397 397 397 398 398 399 399 399 400 401 401 401 401 402 402 403 403 403 403 404 405 405 408 409 410 410 411 411 412 412 413 413 413 413 414 414 415 417 417 417 418 419 420 423 424 425 425 425 426 426 426 427 427 428 429 429 430 430 431 431 431 432 434 435 436 436 436 437 438 438 438 440 440 441 441 442 442 443 445 447 449 450 450 450 450 451 451 453 453 454 454 455 455 456 457 458 458 459 460 460 460 460 461 461 462 463 463 463 465 465 466 466 466 467 467 468 470 471 473 474 474 475 476 478 479 480 481 481 481 481 484 484 484 485 485 485 486 486 488 491 491 492 493 493 493 494 495 496 496 497 497 497 498 499 499 499 501 501 501 501 502 502 503 504 504 504 505 507 507 508 510 510 511 

# Selection sort results for size = 1700
-512 -510 -510 -508 -508 -508 -508 -506 -505 -505 -504 -503 -502 -502 -501 -500 -500 -499 -498 -498 -497 -497 -497 -497 -496 -496 -494 -493 -492 -492 -492 -492 -491 -491 -491 -491 -490 -490 -490 -490 -489 -488 -487 -487 -487 -487 -484 -483 -483 -483 -482 -481 -481 -481 -481 -480 -480 -479 -478 -477 -477 -477 -476 -476 -476 -476 -474 -474 -473 -473 -473 -471 -470 -470 -469 -469 -468 -464 -464 -463 -463 -463 -463 -463 -462 -461 -461 -459 -459 -459 -459 -459 -458 -458 -458 -458 -458 -457 -457 -456 -456 -456 -456 -456 -455 -455 -454 -453 -453 -452 -451 -451 -451 -450 -449 -449 -449 -449 -448 -448 -446 -445 -444 -443 -442 -441 -441 -441 -441 -440 -440 -439 -437 -436 -436 -436 -435 -435 -434 -434 -434 -433 -433 -433 -433 -432 -432 -431 -430 -430 -427 -426 -426 -423 -423 -423 -422 -422 -422 -421 -420 -420 -419 -419 -419 -418 -418 -418 -417 -417 -416 -416 -416 -416 -415 -415 -415 -414 -413 -413 -412 -412 -408 -407 -407 -406 -406 -405 -405 -403 -403 -403 -402 -401 -401 -401 -397 -397 -396 -396 -396 -395 -394 -392 -391 -391 -391 -391 -390 -390 -390 -389 -388 -387 -387 -386 -385 -384 -383 -382 -382 -382 -382 -381 -381 -381 -380 -379 -377 -375 -375 -374 -372 -372 -371 -370 -370 -370 -370 -370 -369 -369 -368 -368 -365 -364 -364 -364 -364 -363 -362 -362 -361 -361 -360 -360 -360 -358 -358 -357 -354 -354 -354 -353 -353 -353 -352 -352 -351 -351 -351 -351 -351 -350 -350 -349 -349 -349 -349 -348 -348 -348 -347 -347 -346 -346 -346 -346 -345 -344 -343 -342 -341 -341 -340 -340 -340 -340 -339 -339 -338 -338 -338 -337 -337 -337 -336 -336 -336 -336 -335 -335 -335 -334 -334 -334 -334 -333 -333 -333 -332 -332 -330 -329 -329 -328 -326 -325 -325 -324 -322 -321 -320 -320 -319 -319 -318 -317 -317 -317 -315 -314 -314 -313 -313 -312 -312 -312 -312 -311 -311 -310 -309 -308 -308 -305 -305 -304 -304 -303 -302 -301 -301 -301 -300 -299 -298 -297 -296 -296 -295 -295 -295 -294 -293 -291 -291 -291 -290 -290 -289 -289 -289 -288 -287 -286 -284 -282 -282 -281 -281 -281 -280 -279 -279 -279 -278 -278 -277 -277 -276 -274 -272 -272 -272 -272 -271 -271 -271 -270 -270 -268 -268 -268 -268 -268 -267 -267 -267 -267 -267 -266 -266 -266 -266 -266 -265 -265 -264 -263 -263 -263 -262 -260 -258 -258 -258 -257 -257 -256 -255 -255 -254 -253 -251 -251 -251 -250 -250 -249 -248 -248 -247 -246 -245 -245 -245 -245 -244 -243 -242 -241 -241 -240 -240 -240 -239 -239 -238 -238 -238 -237 -237 -237 -236 -235 -235 -235 -233 -233 -233 -231 -230 -230 -229 -229 -229 -229 -228 -228 -228 -226 -225 -225 -225 -225 -224 -224 -224 -223 -222 -222 -222 -222 -221 -221 -221 -220 -220 -220 -219 -218 -218 -218 -218 -218 -218 -217 -216 -216 -216 -215 -215 -214 -214 -214 -214 -213 -213 -212 -212 -212 -210 -210 -209 -209 -209 -208 -208 -208 -207 -204 -202 -199 -199 -198 -198 -197 -197 -196 -195 -195 -192 -191 -191 -191 -191 -190 -190 -190 -190 -189 -189 -189 -189 -188 -188 -186 -185 -185 -184 -184 -183 -183 -183 -183 -182 -181 -180 -179 -178 -178 -178 -178 -177 -177 -177 -176 -176 -175 -174 -174 -174 -173 -173 -172 -171 -169 -169 -168 -167 -167 -166 -165 -165 -165 -164 -164 -163 -163 -162 -162 -162 -161 -160 -160 -159 -159 -158 -158 -156 -156 -155 -155 -154 -154 -153 -152 -152 -152 -152 -151 -150 -149 -148 -147 -145 -144 -144 -144 -144 -144 -141 -141 -140 -139 -139 -139 -139 -138 -137 -135 -135 -135 -135 -134 -133 -132 -132 -132 -131 -131 -131 -130 -130 -128 -128 -128 -128 -126 -126 -125 -124 -124 -123 -122 -121 -121 -120 -119 -119 -117 -117 -117 -117 -116 -116 -114 -113 -111 -111 -111 -111 -109 -109 -109 -109 -109 -108 -107 -107 -106 -105 -105 -105 -103 -101 -101 -99 -99 -98 -98 -98 -94 -93 -93 -91 -90 -90 -89 -89 -88 -88 -88 -87 -87 -86 -85 -85 -83 -82 -82 -82 -80 -80 -79 -77 -76 -75 -75 -75 -73 -70 -70 -70 -69 -68 -66 -65 -65 -65 -65 -64 -64 -64 -63 -62 -62 -61 -61 -61 -61 -60 -60 -59 -58 -58 -57 -55 -54 -53 -53 -53 -52 -52 -51 -50 -49 -48 -48 -48 -48 -47 -46 -46 -45 -45 -44 -44 -43 -43 -42 -40 -40 -38 -38 -38 -37 -37 -36 -36 -36 -36 -35 -34 -34 -34 -34 -33 -33 -33 -31 -30 -29 -29 -28 -27 -27 -27 -26 -23 -22 -21 -21 -19 -19 -19 -18 -17 -17 -16 -15 -15 -14 -14 -12 -12 -12 -9 -9 -8 -8 -7 -7 -7 -6 -6 -5 -5 -5 -4 -4 -4 -3 -3 -2 -2 -1 0 0 1 1 1 1 1 1 3 3 3 3 4 4 4 4 5 6 7 8 8 9 11 13 14 14 15 17 17 17 18 21 21 22 22 22 23 24 25 25 26 26 26 26 27 28 28 28 29 29 30 30 30 30 31 31 31 31 34 34 34 34 34 35 35 35 35 36 36 36 37 37 38 38 38 38 39 40 41 41 41 42 43 44 44 46 48 48 48 49 51 51 52 52 52 53 53 54 54 54 54 56 57 58 61 62 62 62 63 63 65 68 68 69 70 70 70 71 71 72 72 74 75 75 75 76 76 76 77 77 80 83 84 86 87 87 87 87 87 87 88 88 88 88 88 89 89 90 90 90 91 91 91 93 93 94 96 97 97 98 98 98 98 99 100 101 101 101 101 102 102 102 103 104 106 106 108 109 109 109 110 110 111 112 112 113 113 113 114 114 114 114 115 115 116 117 118 119 120 120 120 121 122 122 122 122 122 123 123 124 126 127 128 129 129 131 131 132 132 133 134 135 136 137 138 139 141 143 144 145 145 146 147 148 148 148 149 149 150 150 151 151 152 153 154 155 156 158 158 159 159 159 160 160 161 163 163 163 164 164 164 166 167 168 168 169 169 170 170 171 171 172 173 173 173 174 175 175 175 175 176 177 177 180 180 181 183 183 184 185 185 185 186 186 186 187 188 189 190 190 191 191 192 193 193 195 195 195 195 196 196 196 198 199 199 199 200 200 201 203 204 204 205 206 206 207 208 208 209 209 210 211 212 213 215 215 215 216 216 218 218 218 219 220 221 221 221 222 222 223 223 223 225 225 225 225 226 227 227 227 228 228 228 228 229 230 230 232 232 232 233 233 235 236 236 236 237 237 238 241 242 242 243 243 243 243 244 244 244 244 245 245 245 247 247 248 248 248 249 250 250 251 251 251 252 252 252 253 254 254 254 254 255 255 256 256 257 258 259 260 261 261 261 262 262 263 264 266 266 266 267 267 268 268 268 269 269 269 270 270 270 272 272 273 273 274 274 274 274 275 275 275 276 276 276 276 276 277 278 279 279 281 281 281 282 284 285 286 286 287 287 287 288 288 289 289 289 290 291 292 292 293 293 294 295 296 297 297 298 298 299 300 300 300 300 303 303 304 304 305 305 305 307 307 308 308 309 309 309 309 309 310 310 311 312 313 314 315 316 316 317 318 318 320 321 321 322 323 324 324 325 325 326 326 326 327 328 328 328 329 329 329 330 331 331 331 332 332 332 332 334 334 334 335 337 337 338 338 338 338 339 339 340 340 340 342 342 342 342 343 345 345 346 347 348 348 348 349 350 350 351 351 351 352 352 352 352 352 353 353 355 355 356 356 356 357 358 359 360 361 361 363 364 364 366 366 366 367 367 368 369 369 370 371 371 371 371 374 375 375 375 375 375 377 377 378 378 379 381 381 381 382 382 382 382 382 382 384 385 387 388 388 388 389 389 390 391 391 392 392 392 393 394 394 395 395 395 396 396 397 397 398 398 399 399 402 402 402 402 402 403 404 404 404 405 406 406 408 408 408 409 409 410 413 414 414 414 415 415 415 416 416 416 416 416 418 418 418 419 419 419 419 422 424 425 428 431 431 431 431 431 432 434 435 435 438 439 440 441 442 442 442 442 443 443 443 443 444 444 444 445 445 446 447 447 448 448 448 448 448 449 449 449 450 450 451 451 451 451 452 452 453 453 453 455 455 456 456 457 457 457 458 462 462 463 463 464 464 465 466 466 467 467 468 468 468 470 471 471 471 471 473 473 474 474 475 475 476 476 476 478 478 479 480 480 481 481 482 482 483 488 488 490 490 491 492 492 492 492 493 494 495 496 496 499 499 500 500 500 501 501 502 503 503 503 504 504 504 504 504 505 505 505 506 507 508 508 509 509 510 510 512 

# Selection sort results for size = 1800
-512 -512 -512 -511 -511 -511 -509 -509 -507 -507 -506 -506 -506 -505 -505 -504 -504 -503 -503 -503 -502 -502 -502 -501 -501 -499 -497 -497 -496 -493 -492 -491 -491 -491 -490 -490 -489 -489 -489 -488 -488 -487 -484 -484 -482 -482 -482 -482 -481 -480 -480 -480 -480 -479 -478 -478 -478 -477 -477 -476 -476 -476 -476 -476 -475 -474 -474 -473 -473 -472 -471 -469 -469 -469 -468 -468 -468 -468 -467 -467 -466 -466 -466 -466 -465 -465 -464 -464 -464 -463 -463 -463 -462 -462 -462 -462 -462 -461 -458 -458 -458 -457 -457 -457 -457 -455 -455 -455 -454 -454 -452 -452 -452 -451 -450 -450 -449 -448 -447 -447 -447 -447 -446 -445 -445 -445 -444 -444 -443 -443 -442 -441 -441 -440 -440 -439 -439 -439 -439 -438 -437 -437 -436 -436 -435 -435 -434 -434 -434 -434 -434 -433 -433 -432 -431 -431 -431 -431 -430 -430 -430 -430 -430 -430 -429 -429 -429 -429 -428 -428 -428 -428 -427 -427 -426 -426 -426 -425 -425 -425 -424 -423 -421 -420 -420 -418 -418 -417 -417 -416 -416 -415 -415 -414 -413 -412 -412 -411 -410 -410 -410 -410 -409 -408 -408 -408 -407 -407 -406 -406 -406 -406 -405 -404 -404 -403 -401 -399 -399 -399 -399 -398 -397 -397 -396 -395 -395 -395 -394 -393 -393 -392 -392 -392 -391 -391 -391 -391 -390 -389 -389 -388 -388 -388 -387 -385 -385 -385 -383 -383 -382 -381 -380 -380 -380 -380 -379 -378 -377 -376 -375 -375 -375 -375 -374 -372 -372 -371 -371 -370 -370 -370 -369 -369 -368 -368 -368 -368 -368 -367 -367 -367 -366 -365 -365 -364 -362 -362 -361 -361 -361 -360 -360 -359 -357 -357 -356 -356 -356 -355 -355 -354 -354 -354 -353 -352 -351 -351 -351 -350 -350 -350 -349 -349 -348 -348 -348 -347 -346 -346 -345 -345 -345 -344 -344 -343 -342 -342 -342 -342 -341 -341 -340 -339 -339 -339 -339 -336 -334 -334 -333 -332 -332 -331 -328 -328 -327 -326 -324 -324 -324 -323 -322 -322 -321 -321 -321 -320 -320 -320 -319 -319 -317 -317 -316 -316 -312 -312 -312 -312 -311 -310 -309 -308 -307 -306 -306 -305 -305 -304 -303 -302 -302 -301 -301 -301 -300 -299 -299 -298 -298 -298 -298 -297 -296 -296 -296 -295 -294 -292 -290 -290 -290 -289 -288 -287 -286 -286 -285 -285 -285 -284 -281 -281 -281 -280 -280 -279 -278 -278 -278 -278 -277 -277 -277 -277 -276 -276 -275 -274 -274 -274 -274 -272 -271 -271 -270 -270 -269 -268 -267 -267 -266 -266 -266 -265 -265 -265 -264 -262 -262 -261 -261 -261 -260 -260 -259 -259 -258 -257 -257 -256 -256 -255 -255 -254 -254 -254 -253 -252 -252 -252 -252 -250 -249 -248 -248 -247 -247 -246 -246 -246 -244 -244 -244 -244 -243 -243 -243 -242 -242 -242 -242 -241 -241 -240 -238 -238 -238 -237 -235 -235 -233 -233 -233 -233 -232 -230 -230 -229 -229 -228 -228 -227 -227 -227 -226 -225 -225 -224 -224 -224 -223 -223 -223 -223 -223 -222 -222 -222 -222 -221 -220 -219 -219 -219 -217 -217 -217 -216 -216 -215 -212 -212 -211 -211 -209 -209 -208 -208 -208 -207 -207 -206 -206 -206 -205 -205 -204 -204 -202 -201 -201 -200 -200 -199 -199 -199 -198 -197 -197 -197 -196 -196 -195 -195 -195 -194 -194 -193 -193 -193 -193 -193 -192 -192 -191 -191 -191 -191 -190 -190 -189 -189 -188 -188 -187 -185 -184 -183 -180 -180 -180 -179 -178 -178 -178 -177 -177 -177 -175 -173 -173 -172 -171 -171 -171 -171 -170 -170 -170 -170 -169 -168 -168 -166 -166 -166 -165 -165 -164 -164 -163 -161 -161 -161 -160 -160 -159 -159 -159 -159 -158 -157 -157 -157 -156 -156 -156 -155 -155 -154 -154 -153 -153 -153 -152 -152 -151 -151 -151 -151 -150 -148 -146 -145 -145 -145 -144 -143 -143 -143 -143 -142 -141 -141 -140 -139 -139 -139 -138 -137 -136 -136 -136 -135 -134 -134 -134 -133 -132 -132 -130 -130 -128 -127 -127 -126 -126 -125 -125 -125 -124 -123 -123 -123 -123 -122 -122 -122 -121 -120 -120 -118 -117 -117 -116 -116 -115 -115 -115 -114 -114 -114 -114 -113 -112 -112 -112 -111 -110 -110 -110 -108 -108 -107 -106 -105 -104 -102 -101 -101 -100 -100 -100 -100 -99 -99 -98 -97 -97 -96 -95 -95 -95 -94 -94 -94 -94 -93 -93 -92 -92 -91 -90 -90 -90 -89 -89 -89 -89 -88 -86 -86 -85 -84 -83 -82 -81 -81 -81 -80 -80 -79 -79 -79 -78 -78 -78 -77 -76 -74 -73 -72 -72 -71 -70 -70 -70 -69 -69 -66 -65 -65 -65 -65 -65 -64 -63 -63 -63 -63 -63 -63 -62 -62 -61 -61 -60 -60 -60 -58 -58 -57 -57 -57 -57 -56 -56 -55 -55 -55 -54 -53 -53 -51 -51 -51 -51 -51 -50 -50 -49 -49 -47 -47 -46 -45 -44 -44 -43 -43 -42 -42 -42 -42 -41 -40 -40 -40 -40 -39 -38 -37 -37 -36 -35 -34 -34 -34 -33 -33 -33 -32 -32 -32 -31 -31 -31 -31 -31 -31 -29 -29 -29 -28 -28 -27 -27 -27 -26 -26 -24 -24 -23 -22 -21 -21 -20 -20 -19 -19 -18 -17 -17 -16 -15 -14 -11 -11 -10 -10 -9 -9 -9 -8 -7 -5 -3 -2 -1 -1 -1 0 1 1 2 3 3 4 4 4 4 4 5 5 5 7 7 7 7 8 8 9 9 11 11 12 12 13 13 15 15 16 17 18 18 18 20 20 20 21 21 22 22 22 23 24 28 29 29 29 30 31 32 32 33 34 34 36 36 36 37 37 38 38 38 39 39 40 40 40 41 41 42 43 43 43 44 44 44 46 46 46 47 47 48 48 48 49 49 51 51 51 51 52 53 53 56 56 56 58 58 59 59 60 60 61 61 61 62 62 64 64 64 65 69 69 69 69 69 70 70 70 71 73 76 76 76 77 77 78 78 78 79 80 81 81 81 81 83 83 83 84 84 85 85 85 86 87 87 88 88 88 88 88 89 89 89 89 90 90 90 92 92 93 93 94 95 95 96 96 97 97 97 98 98 98 98 99 100 100 100 100 101 102 102 103 103 104 105 105 106 108 110 110 110 110 110 110 111 113 113 115 115 116 117 117 118 118 118 118 118 118 119 119 119 121 121 121 123 123 123 124 124 125 125 125 127 127 128 130 132 133 134 135 136 136 139 139 141 141 141 141 142 142 142 143 144 144 145 146 146 146 147 147 147 148 148 148 150 150 151 151 152 152 154 154 155 155 156 156 156 156 157 159 159 159 160 160 160 161 161 161 161 162 162 163 164 165 166 166 168 169 169 169 170 171 171 172 172 172 172 172 173 173 174 175 175 175 176 176 177 177 179 179 179 180 181 182 182 182 184 184 185 186 186 187 188 188 188 189 189 189 190 190 191 191 192 192 192 193 195 196 196 198 198 199 200 200 200 201 201 202 202 202 202 202 204 205 206 206 207 207 208 210 212 212 212 214 214 214 215 215 216 216 216 216 218 219 219 219 220 220 220 222 222 222 222 222 223 223 223 226 227 227 227 228 228 229 229 230 230 232 232 235 236 236 236 237 238 238 239 240 241 242 243 243 244 244 246 247 247 247 248 250 250 250 251 251 252 253 253 253 254 254 254 255 255 256 257 258 259 260 261 261 264 264 264 265 265 266 266 266 267 268 268 268 269 270 271 272 273 273 273 273 274 274 274 275 275 275 276 276 276 277 277 277 278 279 279 280 280 280 281 282 283 283 284 285 285 285 285 286 287 287 290 290 290 292 292 292 293 294 295 295 295 296 296 296 296 297 297 297 297 298 298 299 299 300 301 302 302 303 303 304 304 304 304 306 306 306 307 308 309 309 310 310 310 310 310 311 312 312 312 314 314 316 316 316 317 317 318 319 319 319 319 321 322 322 323 323 324 325 325 326 326 327 327 328 328 329 329 329 331 331 333 333 334 334 336 338 339 340 340 340 340 341 341 341 341 341 341 342 342 342 343 344 344 344 346 346 346 346 347 347 349 349 349 350 350 351 352 353 353 353 353 354 355 355 355 355 357 358 358 358 360 360 360 361 361 362 363 363 363 364 366 366 366 367 367 368 368 369 370 370 371 371 373 374 374 375 375 376 376 376 377 377 380 381 381 381 382 382 384 385 386 386 386 387 388 388 388 389 389 390 391 391 391 392 392 393 393 393 394 396 396 396 397 397 397 399 399 400 400 400 403 403 404 404 405 405 407 407 408 409 410 410 411 412 413 413 413 415 415 415 415 417 418 418 418 418 419 419 419 419 421 421 422 422 424 426 426 426 427 428 428 429 430 431 432 432 432 433 433 433 433 435 435 435 435 437 438 438 438 438 439 439 439 440 440 440 441 442 443 443 443 443 444 445 446 446 447 448 448 449 449 449 450 451 452 453 453 454 455 455 456 456 456 456 456 457 457 458 459 459 460 460 460 461 464 464 465 467 468 469 469 469 470 471 471 471 472 472 472 473 474 475 475 475 475 476 476 477 477 477 478 479 480 481 481 481 482 482 483 484 484 484 485 486 487 487 488 491 491 491 491 492 493 493 494 494 495 495 496 497 498 499 499 499 500 501 501 501 501 501 506 508 509 509 510 510 511 511 511 511 511 512 512 512 

# Selection sort results for size = 1900
-512 -512 -511 -510 -510 -509 -509 -508 -507 -504 -504 -504 -504 -504 -504 -503 -503 -503 -503 -502 -502 -502 -500 -500 -500 -499 -499 -499 -499 -499 -499 -498 -498 -498 -498 -497 -496 -495 -494 -494 -493 -493 -492 -490 -490 -490 -490 -490 -490 -489 -489 -488 -487 -487 -487 -487 -487 -486 -486 -485 -485 -483 -483 -483 -482 -480 -478 -477 -477 -476 -476 -475 -475 -475 -475 -474 -474 -473 -473 -472 -472 -472 -472 -471 -470 -470 -469 -467 -467 -466 -466 -465 -465 -465 -465 -464 -464 -464 -463 -463 -463 -463 -462 -461 -460 -460 -460 -460 -460 -460 -460 -459 -459 -459 -456 -456 -455 -455 -454 -454 -454 -453 -452 -452 -452 -451 -451 -449 -449 -449 -449 -447 -445 -444 -444 -444 -444 -442 -441 -440 -439 -438 -438 -438 -438 -438 -437 -437 -436 -436 -435 -435 -434 -434 -433 -433 -432 -432 -431 -431 -431 -430 -430 -430 -429 -429 -428 -427 -427 -426 -426 -425 -423 -422 -422 -420 -418 -418 -417 -417 -416 -416 -415 -415 -415 -415 -413 -413 -413 -413 -412 -412 -412 -412 -411 -411 -411 -411 -410 -410 -410 -409 -409 -408 -408 -408 -408 -407 -407 -407 -406 -406 -406 -404 -402 -402 -402 -401 -400 -399 -399 -398 -398 -397 -397 -396 -395 -395 -395 -395 -394 -394 -394 -394 -393 -393 -391 -391 -391 -391 -390 -390 -389 -388 -388 -388 -388 -386 -386 -385 -385 -385 -384 -383 -383 -383 -382 -381 -380 -380 -378 -377 -376 -375 -375 -373 -373 -372 -372 -371 -370 -369 -368 -368 -368 -367 -367 -367 -366 -365 -365 -364 -362 -361 -361 -360 -359 -357 -357 -357 -356 -356 -356 -356 -356 -355 -355 -355 -355 -354 -353 -353 -352 -351 -351 -350 -350 -349 -347 -343 -343 -342 -342 -341 -341 -340 -340 -340 -339 -339 -339 -338 -338 -338 -337 -336 -336 -336 -336 -335 -335 -334 -334 -334 -332 -332 -332 -331 -331 -330 -330 -330 -330 -329 -329 -328 -328 -328 -326 -326 -326 -325 -325 -324 -323 -323 -322 -322 -321 -320 -319 -318 -318 -317 -317 -317 -315 -314 -314 -313 -313 -313 -312 -312 -312 -311 -311 -311 -311 -311 -310 -309 -308 -308 -308 -307 -307 -307 -307 -306 -305 -305 -305 -304 -304 -304 -303 -302 -302 -302 -301 -299 -299 -299 -297 -297 -297 -296 -295 -295 -295 -294 -294 -293 -292 -291 -290 -290 -290 -290 -290 -290 -289 -288 -288 -288 -288 -288 -287 -287 -285 -284 -283 -282 -282 -281 -281 -281 -279 -279 -279 -278 -278 -278 -277 -276 -276 -275 -275 -275 -274 -274 -274 -274 -273 -273 -273 -272 -272 -272 -271 -270 -270 -270 -269 -269 -269 -269 -269 -267 -266 -266 -266 -265 -264 -264 -264 -264 -262 -261 -261 -261 -261 -259 -258 -258 -258 -256 -256 -256 -255 -255 -255 -253 -252 -251 -250 -249 -249 -248 -247 -247 -246 -246 -245 -245 -243 -242 -242 -242 -241 -241 -241 -241 -241 -240 -239 -239 -239 -237 -237 -237 -237 -236 -235 -235 -234 -234 -234 -234 -234 -233 -233 -233 -232 -232 -232 -231 -230 -230 -230 -229 -229 -228 -228 -227 -227 -226 -225 -224 -224 -224 -223 -223 -223 -222 -221 -221 -221 -220 -220 -219 -219 -219 -219 -218 -218 -218 -218 -217 -216 -215 -215 -215 -214 -214 -213 -212 -212 -211 -211 -210 -209 -208 -207 -207 -207 -206 -205 -204 -203 -203 -202 -202 -202 -202 -201 -199 -198 -197 -197 -197 -196 -196 -196 -194 -194 -193 -193 -192 -192 -191 -191 -191 -191 -190 -189 -188 -188 -186 -186 -186 -185 -184 -184 -184 -183 -182 -181 -181 -181 -181 -180 -179 -179 -179 -178 -178 -178 -178 -177 -177 -177 -176 -176 -176 -174 -174 -174 -173 -172 -172 -172 -171 -170 -169 -168 -167 -167 -166 -166 -165 -165 -164 -163 -163 -162 -162 -161 -161 -160 -159 -158 -158 -157 -157 -154 -154 -154 -153 -153 -153 -151 -150 -150 -150 -150 -149 -149 -149 -149 -148 -148 -147 -147 -147 -145 -145 -145 -143 -143 -142 -142 -141 -141 -141 -141 -141 -140 -140 -140 -139 -139 -138 -137 -137 -136 -136 -135 -134 -133 -133 -133 -132 -132 -132 -131 -131 -130 -130 -129 -128 -128 -127 -127 -127 -126 -124 -124 -124 -124 -123 -123 -122 -122 -120 -119 -118 -118 -118 -117 -117 -117 -115 -114 -113 -113 -111 -111 -110 -110 -110 -108 -108 -108 -106 -102 -102 -102 -102 -101 -101 -101 -101 -100 -99 -99 -98 -97 -97 -97 -96 -96 -95 -95 -95 -94 -94 -94 -94 -94 -93 -93 -93 -93 -93 -92 -92 -91 -91 -90 -90 -90 -89 -88 -87 -86 -86 -86 -85 -84 -84 -84 -84 -84 -83 -82 -81 -80 -80 -79 -79 -79 -79 -79 -79 -77 -76 -75 -75 -75 -74 -74 -74 -73 -73 -69 -69 -68 -67 -67 -67 -66 -66 -65 -65 -65 -65 -64 -62 -62 -61 -61 -61 -60 -60 -59 -59 -58 -58 -58 -57 -57 -56 -56 -56 -56 -55 -55 -54 -54 -54 -54 -52 -51 -50 -48 -47 -47 -47 -47 -47 -46 -46 -46 -45 -45 -44 -44 -44 -44 -44 -44 -44 -43 -43 -42 -42 -42 -40 -40 -40 -39 -38 -38 -37 -36 -35 -35 -34 -34 -32 -32 -32 -32 -32 -32 -31 -31 -31 -31 -30 -30 -30 -29 -29 -26 -25 -24 -23 -23 -22 -22 -21 -20 -20 -19 -19 -18 -17 -17 -16 -16 -16 -14 -14 -14 -14 -13 -12 -11 -10 -9 -9 -8 -8 -8 -8 -7 -7 -6 -6 -6 -6 -6 -5 -5 -4 -2 -2 -2 1 2 5 5 5 6 8 8 9 11 11 11 11 11 12 12 13 15 16 16 17 18 18 19 19 20 20 21 24 25 25 26 27 27 28 28 28 29 29 29 29 30 30 32 32 33 33 35 35 35 37 37 37 38 38 39 40 40 41 42 43 44 45 45 46 46 47 47 48 49 50 50 50 50 51 51 52 52 52 53 53 54 55 56 56 56 56 57 58 59 59 59 59 60 60 61 61 62 63 64 68 68 68 69 69 69 69 70 71 73 73 73 73 73 74 75 75 78 78 79 79 80 80 82 84 84 84 85 85 86 86 88 89 90 90 90 90 91 93 93 93 96 97 99 99 99 99 100 100 100 101 101 104 104 104 105 105 105 105 106 106 107 107 107 108 109 109 109 109 110 111 111 112 112 112 113 113 114 114 114 115 115 117 117 118 118 119 120 120 120 121 122 123 123 124 125 125 125 125 126 126 126 127 127 127 128 128 129 129 130 130 130 130 131 131 131 133 133 134 134 134 135 135 136 136 136 136 136 136 138 138 139 140 140 141 141 141 142 143 143 145 145 145 145 146 148 148 149 149 150 151 151 152 152 153 154 154 155 155 156 156 156 157 157 159 160 161 162 163 163 163 164 164 165 165 165 166 166 166 167 167 167 167 169 169 170 170 170 170 170 172 173 174 175 176 177 178 178 179 179 179 180 181 182 183 183 185 186 187 188 188 189 189 189 190 191 193 193 193 194 194 194 194 196 197 198 200 200 201 201 203 204 204 204 204 206 206 207 207 207 208 209 209 209 210 210 211 211 211 212 213 213 214 216 216 216 217 218 218 219 219 220 222 223 224 224 224 225 226 227 228 228 230 230 230 230 231 231 231 231 232 232 233 233 235 236 236 238 238 238 238 239 239 241 241 242 242 243 243 243 245 245 247 247 248 250 250 250 250 250 251 251 253 254 255 255 255 256 257 257 257 258 259 260 260 261 261 261 261 261 262 262 262 262 263 264 264 264 264 264 264 265 265 265 266 267 267 267 267 267 267 268 269 270 270 270 270 270 271 272 272 273 273 273 274 274 275 275 275 276 276 277 277 278 279 279 280 280 281 281 281 282 282 282 282 283 283 283 283 283 284 284 284 285 287 287 287 287 288 289 289 290 291 292 293 293 294 294 295 295 296 297 297 298 298 298 300 300 301 301 301 302 302 303 303 304 304 304 305 305 305 306 307 308 308 309 309 309 309 309 310 312 312 312 312 314 315 315 316 317 317 317 318 318 318 320 320 320 320 321 321 321 321 323 323 323 325 325 326 326 326 327 327 327 327 328 328 328 330 330 331 332 334 334 335 335 335 335 335 336 337 337 337 337 337 337 338 339 339 339 340 340 341 341 341 341 342 342 343 343 343 343 343 343 344 344 345 345 345 346 346 346 346 347 348 348 349 349 349 350 350 351 351 351 351 352 352 352 352 353 353 354 354 355 356 357 357 358 358 359 359 359 359 359 361 361 361 362 363 365 365 365 365 365 365 365 366 366 367 368 368 369 370 370 371 371 372 372 372 372 374 374 375 375 376 377 377 378 378 379 379 380 380 382 383 383 384 385 385 385 385 385 386 386 387 387 387 388 390 390 391 391 391 391 391 392 392 393 393 393 393 393 394 394 394 395 395 395 396 397 400 400 401 401 401 402 402 403 403 403 404 405 405 407 407 408 409 409 411 411 411 412 412 413 413 414 414 415 416 417 417 417 418 420 421 424 424 426 426 428 428 429 429 430 430 431 431 432 432 432 433 433 433 433 434 434 434 434 435 435 435 435 437 439 439 439 440 440 440 440 441 441 443 444 445 445 445 448 448 449 449 450 450 450 450 451 451 451 451 451 452 452 453 453 453 454 454 455 458 459 459 461 461 461 461 463 463 463 463 465 466 466 466 467 467 467 468 468 468 468 469 469 469 470 470 471 471 471 471 472 472 472 472 473 474 477 478 478 479 479 479 481 481 482 483 483 483 483 484 484 485 487 487 488 488 489 491 491 492 492 493 494 494 495 496 496 496 497 498 498 498 498 498 498 499 499 499 500 500 501 501 501 501 501 501 503 503 503 504 506 506 507 509 509 510 510 511 511 512 

# Selection sort results for size = 2000
-512 -511 -511 -511 -510 -510 -510 -509 -509 -509 -507 -507 -507 -506 -506 -505 -505 -505 -505 -504 -503 -501 -501 -499 -498 -497 -497 -497 -495 -495 -495 -494 -494 -492 -492 -492 -491 -491 -490 -489 -489 -488 -488 -488 -487 -486 -485 -484 -484 -482 -481 -481 -480 -480 -479 -479 -478 -478 -478 -478 -477 -477 -477 -477 -476 -476 -475 -475 -474 -474 -474 -474 -473 -472 -472 -472 -472 -471 -471 -471 -471 -471 -470 -470 -470 -470 -468 -468 -467 -467 -466 -465 -465 -465 -463 -462 -462 -462 -462 -461 -461 -459 -458 -458 -457 -457 -457 -457 -456 -455 -455 -454 -454 -454 -453 -452 -452 -451 -450 -449 -449 -448 -447 -447 -447 -446 -446 -446 -445 -444 -444 -444 -444 -444 -444 -444 -443 -441 -441 -440 -440 -439 -439 -438 -438 -437 -437 -437 -436 -435 -434 -434 -434 -434 -434 -433 -433 -433 -432 -432 -431 -431 -429 -429 -427 -427 -427 -427 -427 -427 -426 -425 -425 -424 -424 -424 -423 -422 -421 -421 -419 -419 -418 -418 -416 -415 -415 -414 -413 -413 -412 -412 -412 -412 -410 -410 -409 -409 -407 -406 -405 -405 -405 -405 -405 -405 -405 -404 -404 -403 -403 -402 -402 -401 -401 -401 -400 -399 -398 -396 -396 -396 -395 -394 -394 -393 -393 -392 -392 -391 -390 -389 -389 -387 -386 -386 -386 -385 -385 -385 -383 -382 -381 -381 -380 -380 -379 -379 -379 -379 -378 -378 -377 -377 -377 -376 -376 -375 -374 -374 -374 -373 -373 -373 -372 -372 -371 -371 -371 -371 -371 -368 -368 -367 -367 -366 -366 -366 -366 -365 -365 -365 -364 -364 -364 -363 -363 -363 -363 -362 -361 -361 -360 -358 -357 -357 -355 -355 -354 -354 -354 -353 -353 -353 -353 -351 -351 -350 -350 -349 -348 -347 -345 -344 -344 -342 -342 -341 -341 -341 -341 -341 -341 -340 -339 -339 -339 -338 -338 -337 -337 -336 -336 -336 -336 -336 -335 -335 -335 -335 -334 -333 -333 -332 -332 -332 -332 -330 -329 -329 -328 -328 -326 -325 -325 -324 -324 -323 -323 -321 -321 -317 -317 -317 -316 -316 -316 -315 -315 -314 -314 -314 -313 -313 -312 -312 -312 -311 -310 -307 -307 -307 -307 -306 -306 -304 -302 -301 -299 -298 -297 -296 -296 -296 -295 -295 -295 -295 -294 -293 -293 -293 -292 -292 -291 -290 -289 -288 -288 -288 -288 -288 -288 -286 -286 -285 -284 -283 -282 -282 -282 -281 -280 -279 -279 -278 -278 -278 -278 -278 -278 -278 -277 -277 -277 -277 -276 -275 -275 -274 -274 -273 -273 -271 -271 -271 -271 -269 -269 -269 -268 -267 -267 -266 -265 -265 -265 -265 -264 -264 -263 -263 -262 -262 -261 -260 -259 -259 -259 -258 -257 -256 -254 -254 -254 -254 -253 -253 -253 -251 -251 -251 -251 -250 -250 -249 -249 -249 -248 -248 -248 -248 -247 -246 -246 -246 -245 -244 -244 -243 -243 -243 -243 -241 -240 -240 -239 -239 -238 -238 -238 -238 -237 -237 -236 -236 -236 -236 -235 -235 -235 -233 -233 -233 -232 -232 -232 -230 -230 -230 -230 -228 -227 -227 -227 -227 -227 -225 -224 -224 -223 -223 -222 -222 -221 -221 -221 -220 -219 -219 -219 -219 -219 -219 -218 -218 -217 -217 -217 -216 -216 -215 -215 -213 -212 -211 -210 -209 -207 -207 -207 -206 -206 -206 -205 -205 -205 -205 -204 -203 -203 -203 -203 -202 -202 -202 -202 -201 -201 -201 -200 -200 -200 -199 -198 -196 -196 -196 -194 -194 -193 -193 -192 -191 -191 -191 -191 -189 -187 -187 -185 -184 -184 -183 -183 -182 -182 -181 -180 -180 -179 -179 -179 -178 -178 -177 -174 -174 -174 -173 -173 -173 -173 -172 -172 -172 -170 -170 -168 -166 -166 -163 -163 -162 -162 -161 -160 -159 -158 -157 -157 -157 -157 -157 -155 -154 -153 -153 -153 -153 -152 -152 -151 -151 -151 -150 -150 -149 -149 -149 -149 -149 -148 -148 -147 -146 -146 -146 -145 -145 -144 -144 -143 -143 -142 -142 -141 -141 -140 -140 -139 -139 -139 -137 -137 -137 -135 -135 -135 -134 -134 -133 -133 -132 -132 -132 -131 -131 -131 -131 -131 -131 -130 -129 -129 -129 -127 -126 -126 -124 -124 -124 -124 -122 -122 -121 -121 -121 -121 -120 -119 -119 -118 -118 -117 -117 -117 -116 -114 -114 -114 -113 -113 -112 -112 -112 -112 -112 -112 -111 -111 -110 -108 -108 -107 -106 -106 -106 -106 -104 -104 -103 -103 -103 -103 -102 -101 -101 -101 -100 -99 -98 -98 -97 -96 -95 -95 -94 -94 -94 -93 -92 -92 -92 -92 -92 -92 -92 -92 -91 -90 -90 -90 -89 -88 -88 -88 -88 -87 -87 -86 -84 -84 -83 -83 -81 -81 -80 -80 -80 -79 -79 -79 -78 -78 -78 -77 -77 -76 -76 -75 -75 -74 -74 -74 -72 -72 -72 -71 -71 -71 -70 -70 -69 -68 -67 -67 -67 -67 -66 -66 -66 -65 -65 -64 -63 -63 -63 -63 -62 -61 -61 -60 -60 -60 -59 -59 -58 -58 -56 -56 -54 -54 -54 -53 -53 -53 -53 -52 -52 -52 -52 -51 -51 -50 -50 -50 -49 -49 -48 -48 -47 -47 -47 -46 -45 -45 -45 -44 -43 -43 -42 -42 -41 -41 -41 -41 -41 -41 -41 -40 -40 -37 -37 -36 -36 -35 -35 -33 -33 -33 -31 -31 -31 -31 -31 -31 -30 -30 -29 -28 -27 -27 -27 -27 -26 -26 -26 -26 -26 -25 -25 -25 -24 -24 -24 -23 -22 -21 -21 -20 -19 -19 -19 -18 -18 -18 -17 -16 -16 -15 -14 -14 -14 -14 -13 -13 -13 -13 -12 -12 -12 -11 -10 -10 -9 -9 -9 -8 -8 -8 -8 -7 -7 -7 -7 -6 -4 -3 -3 -3 -2 -1 -1 0 0 0 1 1 1 1 2 3 4 4 4 4 4 4 5 5 5 6 6 7 7 8 8 8 9 9 10 11 12 12 13 13 13 13 13 14 14 15 15 15 15 16 17 18 18 18 18 18 19 19 20 20 22 22 22 23 23 24 25 26 26 27 27 27 29 30 30 31 32 32 32 32 33 33 33 34 35 36 36 37 37 38 38 38 40 40 41 41 42 42 43 43 44 44 45 46 46 47 48 49 50 50 50 52 52 53 55 55 55 55 56 57 57 57 58 59 60 60 61 62 63 63 63 63 64 64 65 67 67 67 68 68 69 70 70 72 73 76 76 76 76 77 77 77 77 78 78 78 79 79 79 80 80 80 81 83 83 83 83 84 84 84 84 85 85 87 87 87 88 88 89 89 90 90 91 91 93 93 93 94 94 94 95 95 96 96 96 97 97 97 98 98 99 99 99 100 100 100 101 101 101 101 101 101 102 102 103 103 103 104 105 106 106 106 106 106 107 107 108 109 110 111 112 112 112 113 113 113 114 114 114 115 115 115 116 116 117 117 117 119 121 121 123 125 125 125 126 126 126 127 127 127 128 128 128 128 129 129 129 129 130 130 131 131 131 131 131 132 133 134 135 136 136 136 136 136 137 138 138 139 140 141 141 141 142 143 143 143 143 144 144 144 144 144 145 145 147 147 147 147 147 148 148 149 150 152 153 153 153 154 154 154 155 155 156 156 157 157 158 159 159 160 160 160 160 161 161 161 161 162 162 162 162 163 163 163 163 165 166 167 167 167 167 168 168 168 168 169 170 170 171 171 171 174 174 175 177 178 179 180 181 181 181 181 182 182 183 184 184 185 186 186 186 186 186 186 188 188 188 188 189 189 189 189 190 190 190 190 191 191 193 193 193 193 194 194 195 195 196 196 196 196 196 197 198 198 198 198 199 199 199 200 201 201 201 202 202 203 203 203 203 206 206 208 209 209 209 209 209 209 210 210 210 210 211 211 211 211 211 212 212 213 213 214 215 216 216 216 216 217 218 218 218 218 220 220 221 221 222 222 222 222 224 224 224 225 226 227 227 228 228 228 228 229 229 229 229 230 230 230 231 231 232 232 232 234 234 234 235 236 236 236 237 237 238 238 238 239 240 240 240 241 241 241 242 242 243 243 243 244 244 245 245 248 248 250 250 251 251 251 252 252 253 254 254 255 255 255 255 256 256 257 258 258 262 263 263 264 267 268 268 268 269 269 270 270 271 271 272 272 273 273 274 274 274 274 276 276 278 280 280 281 281 282 282 283 283 283 283 284 285 285 286 287 287 288 288 289 290 290 290 292 292 292 294 294 295 296 297 297 299 299 300 300 301 301 301 302 304 304 305 306 306 307 308 308 308 308 309 309 309 309 310 310 310 311 312 312 314 315 315 315 316 317 317 317 317 318 318 318 319 320 320 321 321 321 322 323 325 325 328 328 329 329 330 330 330 330 330 331 332 332 332 332 333 333 335 335 335 336 337 337 337 337 338 338 339 340 340 340 340 341 341 342 343 343 344 344 345 346 346 347 347 347 349 350 351 351 351 351 352 353 353 354 354 355 355 355 356 356 357 357 357 357 357 358 358 359 359 359 359 360 360 363 364 364 364 364 364 364 364 364 365 365 366 366 366 366 367 368 368 368 368 368 368 369 369 370 370 370 371 371 372 372 372 373 374 374 374 375 375 376 377 377 378 378 378 379 379 380 380 380 382 383 383 383 383 384 384 384 384 384 385 385 386 386 386 388 388 388 389 390 390 390 391 391 391 391 391 392 392 393 393 394 394 395 396 398 399 399 400 400 401 401 401 401 402 402 403 403 404 404 404 405 405 405 405 406 406 406 407 409 411 411 412 412 412 413 413 414 415 415 416 416 416 417 417 417 417 417 417 417 418 418 420 420 420 421 421 423 423 424 424 425 426 426 427 427 429 430 431 432 433 434 435 435 436 436 436 436 436 438 438 439 439 439 440 440 441 441 441 441 442 442 442 442 443 443 443 443 443 445 445 445 446 446 446 447 447 447 447 448 449 449 449 449 450 450 451 452 453 454 455 455 456 456 457 457 458 458 459 460 460 460 462 464 464 466 467 468 468 468 468 469 469 470 470 470 471 471 471 473 473 473 474 474 474 475 475 475 476 477 478 478 481 482 483 484 484 486 486 486 487 487 487 487 487 487 489 490 490 491 491 491 491 491 493 493 493 494 495 495 496 496 496 496 497 497 498 499 499 500 500 501 501 501 502 504 505 505 505 505 505 505 508 508 509 509 509 509 510 510 510 512 512 

