-512
-508
-507
-507
-506
-506
-506
-506
-502
-501
-500
-500
-500
-499
-498
-497
-497
-497
-496
-496
-495
-493
-493
-493
-492
-490
-489
-489
-487
-484
-483
-480
-479
-479
-474
-474
-473
-470
-470
-468
-465
-465
-464
-464
-463
-462
-461
-459
-458
-457
-457
-457
-454
-453
-451
-451
-449
-449
-447
-446
-446
-446
-445
-445
-442
-441
-440
-440
-438
-437
-436
-435
-434
-434
-433
-430
-429
-428
-427
-427
-426
-424
-424
-422
-422
-419
-419
-418
-418
-418
-417
-417
-415
-414
-413
-413
-412
-410
-408
-407
-407
-407
-402
-402
-402
-402
-402
-401
-401
-399
-398
-397
-395
-395
-395
-393
-392
-390
-389
-389
-388
-385
-384
-384
-384
-383
-383
-381
-381
-380
-379
-379
-378
-377
-377
-377
-375
-375
-375
-373
-372
-371
-371
-370
-368
-367
-367
-365
-363
-363
-362
-362
-362
-359
-359
-357
-355
-353
-353
-351
-349
-349
-346
-346
-344
-342
-342
-341
-341
-338
-337
-337
-336
-335
-335
-333
-333
-330
-329
-328
-327
-326
-325
-324
-323
-322
-322
-320
-319
-319
-319
-315
-315
-315
-314
-314
-311
-310
-309
-308
-304
-302
-302
-301
-300
-299
-299
-293
-292
-291
-288
-288
-288
-286
-285
-284
-280
-280
-280
-280
-277
-277
-277
-276
-275
-274
-273
-272
-272
-269
-268
-268
-267
-265
-264
-262
-261
-259
-257
-257
-256
-255
-255
-255
-254
-253
-251
-250
-248
-248
-247
-247
-246
-244
-238
-236
-236
-236
-235
-235
-234
-234
-234
-233
-233
-233
-232
-229
-228
-227
-227
-226
-225
-224
-223
-222
-221
-219
-219
-217
-217
-216
-216
-215
-214
-214
-213
-213
-211
-206
-205
-204
-204
-202
-201
-201
-200
-199
-197
-196
-196
-196
-194
-193
-192
-188
-187
-186
-185
-180
-180
-177
-176
-173
-171
-171
-171
-170
-169
-169
-168
-167
-165
-164
-163
-163
-161
-161
-160
-159
-158
-157
-157
-157
-156
-154
-154
-152
-152
-151
-150
-150
-149
-147
-145
-145
-144
-143
-142
-141
-141
-140
-139
-139
-138
-136
-135
-135
-134
-132
-132
-132
-132
-131
-130
-130
-129
-129
-129
-129
-128
-126
-126
-126
-124
-122
-121
-120
-118
-117
-117
-114
-113
-112
-111
-109
-109
-109
-109
-107
-107
-107
-106
-106
-106
-105
-104
-104
-104
-103
-101
-101
-100
-97
-97
-95
-95
-94
-92
-92
-91
-87
-86
-86
-84
-82
-82
-81
-81
-77
-76
-75
-75
-74
-73
-72
-71
-70
-67
-67
-66
-65
-65
-65
-65
-63
-62
-61
-60
-59
-57
-56
-55
-54
-54
-54
-54
-53
-51
-51
-50
-50
-49
-48
-48
-48
-46
-46
-43
-42
-42
-42
-41
-41
-39
-39
-39
-36
-36
-34
-31
-26
-26
-26
-24
-24
-23
-22
-20
-18
-17
-15
-15
-14
-13
-12
-12
-11
-11
-10
-8
-6
-6
-6
-5
-4
-3
-2
-2
-1
1
3
4
4
5
5
6
10
10
11
12
12
12
14
14
15
18
19
20
25
25
28
29
29
29
30
32
32
34
34
35
36
36
36
37
42
43
43
45
45
45
45
47
47
47
47
48
48
48
49
50
50
51
54
54
54
56
59
59
61
62
63
67
67
67
69
69
71
71
72
73
73
76
78
78
79
79
80
80
82
83
86
86
87
89
90
94
94
98
99
100
100
103
103
103
104
105
106
108
108
109
109
110
111
111
114
114
116
116
117
120
122
122
123
124
126
126
129
129
129
132
133
134
135
136
137
138
138
139
139
141
141
142
143
143
144
144
145
146
149
149
149
150
153
153
155
156
156
156
157
158
162
163
163
166
168
168
168
172
173
174
174
174
175
178
178
179
181
182
182
183
183
187
188
189
189
191
192
193
193
194
194
197
197
197
198
199
200
200
201
202
203
205
206
207
207
208
209
209
213
215
216
216
216
216
219
224
226
226
227
228
229
231
231
233
233
236
236
237
237
237
237
239
242
243
243
243
245
245
245
246
246
246
247
249
249
253
253
254
255
255
258
258
259
260
260
260
263
266
266
267
267
268
270
272
273
273
274
275
275
275
276
276
277
277
278
278
280
282
283
283
283
287
288
289
289
290
290
291
292
294
294
296
297
297
297
297
298
298
301
302
303
305
305
306
306
307
307
307
309
311
311
312
313
314
314
314
315
315
317
318
318
318
319
321
322
323
324
324
327
327
328
328
328
330
330
330
331
332
334
334
334
334
335
335
336
337
339
339
341
341
342
343
344
344
345
348
348
348
350
351
353
354
354
354
356
357
358
360
361
367
368
371
373
374
375
375
376
376
378
378
378
381
382
382
384
385
388
389
389
390
390
391
392
393
393
393
395
397
398
398
401
401
404
404
404
404
407
407
409
410
411
413
413
414
414
415
416
416
417
417
419
421
422
422
423
423
424
425
425
426
427
427
428
429
430
433
434
434
435
438
438
439
439
440
443
444
444
445
446
446
447
448
449
449
451
451
452
456
456
460
460
463
463
464
464
465
465
465
466
467
467
467
467
470
470
470
472
472
472
473
476
477
478
479
480
480
480
482
483
484
489
493
493
493
494
499
500
501
502
503
503
504
505
507
507
510
511
512
512
